# Constructed from biom file
#OTU ID	5353	6262	6868	5757	8686	9595	8282	5959	7474	8787	4545	8585	6767	6060	7676	5252	4848	9696	5656	6464	6565	5858	5050	8181	8888	9191	4747	6666	9292	8383	5151	6363	8484	4949	7979	7373	7272	5555	7575	8989	6969	4646	7171	8080	9393	7878	9090	9494	7777	5454	7070	6161
Archaea;Euryarchaeota;Methanobacteria;Methanobacteriales;Methanobacteriaceae	0.0212477395806	0.0194624374691	0.0184872498861	0.0192338716603	0.0183602798304	0.0186228533315	0.0223768860632	0.0146438165914	0.0232286459992	0.0193342841996	0.0174191213137	0.0233373806514	0.0162797083527	0.0139493488805	0.013858653979	0.0158756391764	0.0241609781051	0.0166360508719	0.0256165873132	0.0284093985172	0.0218601948221	0.0239074565085	0.0264544893124	0.0249533894593	0.0199366663729	0.0156871092545	0.0235300431354	0.0250681644261	0.0182854470912	0.0158136134238	0.0179260485993	0.02871138031	0.0137770655509	0.0219608339979	0.0263506256773	0.00996819931483	0.0212727899498	0.0242078027233	0.0183875816693	0.0209204803553	0.0164665623059	0.016767224374	0.0247401645719	0.0263088836066	0.0198906483933	0.0141112485554	0.0256687191428	0.027135183742	0.0198195861292	0.0221380552685	0.0114542256667	0.00304350041134
Archaea;Euryarchaeota;Methanomicrobia;Methanomicrobiales;Methanomicrobiaceae	0.0	0.0	0.0	0.0	0.0	0.0	0.0	0.0	0.0	0.0	0.0	0.0	0.0	0.0	0.0	0.000289389301912	0.0	0.0	0.0	0.0	0.0	0.000305109550617	0.0	0.0	0.0	0.0	0.000385000507796	0.00020713371331	0.0	0.0	0.0	0.0	0.0	0.0	0.0	0.0	0.000348988272549	0.000194948367397	0.000181821836335	0.0	0.0	0.0	0.0	0.0	0.0	0.0	0.0	0.000212221038071	0.0	0.0	0.0	0.0
Archaea;Euryarchaeota;Thermoplasmata;Methanomassiliicoccales;Methanomethylophilaceae	0.0013955009663	0.00112156048138	0.00995987646948	0.0043599898596	0.00961013531078	0.00445826600802	0.00596095678744	0.00921893187706	0.00539506757007	0.00631392033946	0.00159540328473	0.00107695676204	0.00791899789946	0.00836579111543	0.0102087035709	0.00908723022195	0.00629193288046	0.00473433401513	0.00684561472697	0.00833489492286	0.00477645979271	0.00596755999709	0.00543283967263	0.00557761841237	0.00685052127964	0.0100038370527	0.00604777030547	0.00530387636853	0.0100739401875	0.00906306406838	0.00890032750644	0.00720911336552	0.00827807674109	0.00584868722026	0.00743429831155	0.00642010735508	0.00669438347304	0.0063664024797	0.00947125310868	0.00476218994596	0.00171778411775	0.00162112010963	0.0	0.00744022119798	0.00069118894256	0.00185966796292	0.00587565048589	0.00288361740708	0.00152600961363	0.00183753278792	0.0	0.0
Bacteria;Actinobacteria;Actinobacteria;Bifidobacteriales;Bifidobacteriaceae	0.00132144702688	0.00268580104118	0.00162066244442	0.00419362145014	0.00325592898602	0.00539550569482	0.00434070965573	0.0020648526507	0.00318766513109	0.000236796836504	0.00191653535266	0.00112522226451	0.00126890953937	0.00158202731733	0.00146603373955	0.0018481672519	0.000872795601901	0.00208032968091	0.000780189878583	0.0	0.00461829127066	0.00439945915878	0.00438866270248	0.00441758021278	0.0	0.000503560429489	0.0	0.00343366593858	0.00177883512102	0.00088301219575	0.00139815038512	0.000817898295184	0.00179747275147	0.00380340724236	0.000791228626077	0.00236038802572	0.00104696481765	0.000906922755959	0.001979903427	0.00366734223801	0.00108462171382	0.00197534645669	0.0	0.00050903372082	0.00422595092066	0.00148089775055	0.00498689202885	0.000424442076143	0.00278242029462	0.00280063625076	0.00776712045527	0.0
Bacteria;Actinobacteria;Actinobacteria;Corynebacteriales;Corynebacteriaceae	0.0	0.00062569622392	0.000750759973066	0.0	0.00100144972348	0.000427385800791	0.0	0.000775915872111	0.000321359814514	0.0018381250452	0.0	0.0	0.000418587129641	0.000649366157866	0.000690572595516	0.000684396600388	0.00238471955846	0.00157714744929	0.00157204525462	0.00134372443757	0.0	0.0	0.0	0.000251295976228	0.00157684860674	0.0011843898824	0.0023454291209	0.00054884662215	0.0	0.000984662065668	0.000359764201401	0.00283001646268	0.000324690214215	0.0	0.00277106016423	0.0	0.00202182731054	0.00161032657307	0.000963091193882	0.0	0.000302798583811	0.000687698561421	0.0	0.000782575927939	0.0019818330101	0.0	0.0	0.00450592601517	0.000978936284222	0.00140165329907	0.00586233511724	0.00281733300012
Bacteria;Actinobacteria;Actinobacteria;Micrococcales;Brevibacteriaceae	0.0	0.0	0.0	0.0	0.0	0.0	0.0	0.0	0.0	0.0	0.0	0.0	0.0	0.0	0.0	0.0	0.0	0.0	0.0	0.0	0.0	0.0	0.0	0.0	0.0	0.0	0.0	0.0	0.0	0.0	0.0	0.0	0.0	0.0	0.000613229792629	0.0	0.0	0.0	0.0	0.0	0.0	0.0	0.00345501196427	0.0	0.0	0.0	0.0	0.0	0.0	0.0	0.00288646626601	0.0
Bacteria;Actinobacteria;Actinobacteria;Micrococcales;Intrasporangiaceae	0.0	0.0	0.0	0.0	0.000676680920728	0.0	0.0	0.0	0.0	0.000624428489353	0.0	0.0	0.0	0.0	0.0	0.0	0.000404026042238	0.0	0.00102537157162	0.00105877755316	0.0	0.0	0.0	0.0	0.0	0.0	0.000295845139063	0.0	0.0	0.00046588422175	0.0	0.00151025703351	0.0	0.0	0.00137740314817	0.0	0.000547001112947	0.000416549309734	0.000181821836335	0.0	0.0	0.0	0.0	0.00050903372082	0.0	0.0	0.0	0.00147324700878	0.0	0.0	0.00288646626601	0.0
Bacteria;Actinobacteria;Actinobacteria;Micrococcales;Microbacteriaceae	0.0	0.0	0.000300022227514	0.0	0.0	0.0	0.0	0.0	0.0	0.0	0.0	0.0	0.000418587129641	0.0	0.000345286297758	0.0	0.0	0.0	0.0	0.000529388776578	0.0	0.0	0.0	0.000251295976228	0.0	0.000285177021616	0.0	0.0	0.000337620235635	0.0	0.0	0.0	0.0	0.0	0.0	0.0	0.0	0.0	0.0	0.0	0.0	0.0	0.00413903467654	0.0	0.000291066960969	0.0	0.0	0.000424442076143	0.0	0.0	0.0	0.0
Bacteria;Actinobacteria;Actinobacteria;Micrococcales;Micrococcaceae	0.00137890514154	0.00062569622392	0.000819244268013	0.000185085387253	0.00054435400219	0.0010762143702	0.000572067918524	0.000576683615807	0.000321359814514	0.0010120601422	0.00133868486667	0.00141720984688	0.00182101883674	0.000551553379633	0.000731374886664	0.000944596430017	0.000770519610607	0.000349923867221	0.000209737495068	0.00153985155141	0.000677752803224	0.000610219101234	0.00107032034804	0.000251295976228	0.000294542772209	0.00119947214633	0.00112850605465	0.00054884662215	0.00148686898953	0.00161080014931	0.0010522748297	0.000695610793614	0.000859775666309	0.000719720913855	0.00100884410567	0.000842735403587	0.000895989385496	0.000194948367397	0.0011151424158	0.000958804349632	0.000603831316437	0.000850645081713	0.00569411591904	0.00129160964876	0.000933209945093	0.000625604401036	0.00122613811272	0.00080267777387	0.000786237016771	0.000809312247683	0.00508483319742	0.00649004757881
Bacteria;Actinobacteria;Actinobacteria;Propionibacteriales;Propionibacteriaceae	0.0	0.0	0.000480901956744	0.0	0.00064203137674	0.0	0.0	0.000430873513633	0.0	0.00196636510131	0.0	0.0	0.000632354456254	0.0	0.000572636664035	0.0	0.000770519610607	0.000349923867221	0.00106616308473	0.00105877755316	0.0	0.0	0.0	0.0	0.000589085544419	0.000338949460735	0.000633814306289	0.0	0.000337620235635	0.00046588422175	0.000454337850682	0.0	0.000195872268383	0.0	0.0	0.0	0.000348988272549	0.00135706541536	0.0	0.0	0.000302798583811	0.0	0.00891016492369	0.0	0.000592702579351	0.000781021171222	0.0	0.00184551003853	0.0	0.0	0.00998792540847	0.00828845908623
Bacteria;Actinobacteria;Coriobacteriia;Coriobacteriales;Atopobiaceae	0.0143686208678	0.0147955570437	0.0142668914042	0.0133803645611	0.0114437108075	0.00999850735023	0.0118044623372	0.014598947657	0.0106673383894	0.0103065673706	0.0127990331708	0.00854157216231	0.0158495302556	0.0147633754672	0.0130934107178	0.0133799023742	0.0111630684431	0.0161761151305	0.0128403775474	0.0169714152563	0.0127189351102	0.0128529204517	0.010682466553	0.0120644103033	0.0100043327584	0.0126638287905	0.0108194937224	0.0118849236578	0.0151882845762	0.0124988957638	0.0146533976985	0.0169705246998	0.00959469899868	0.0116814719355	0.011240257083	0.0080734091839	0.0116800557808	0.0114923394181	0.014704881329	0.0138767713066	0.0154215674898	0.0150222024922	0.0109001447373	0.012954612245	0.020768617068	0.0150798651418	0.011893430165	0.0148649113659	0.0121573787793	0.0160366589884	0.0164825793576	0.0139889178722
Bacteria;Actinobacteria;Coriobacteriia;Coriobacteriales;Coriobacteriales Incertae Sedis	0.000490556569479	0.0	0.000700101769729	0.000980089019147	0.000680302461156	0.0018712588347	0.000670299541264	0.00100723283675	0.000771520265477	0.00138882498659	0.000547516023926	0.0	0.00126890953937	0.00123361539545	0.000715236962298	0.00131320450392	0.00118279727762	0.00146430816716	0.00127811898617	0.0011602165261	0.000420250157298	0.000951569125687	0.000373452924438	0.00119103466431	0.00136117893606	0.00110597643019	0.00110651355989	0.00169891331726	0.00127726209626	0.00125640032325	0.000961201366276	0.000797871640343	0.000497537359373	0.000913297727263	0.00128215755292	0.0	0.000953410830583	0.00055431083472	0.00103439097832	0.00035283107247	0.000302798583811	0.000366698260466	0.00518563637798	0.00123051714655	0.000933209945093	0.0	0.000349170064731	0.00165334208068	0.000393118508385	0.000635575507562	0.0	0.0
Bacteria;Actinobacteria;Coriobacteriia;Coriobacteriales;Eggerthellaceae	0.00110090416777	0.00062569622392	0.00262848580134	0.00273105478517	0.0	0.000266761780487	0.00131785793437	0.00231299229879	0.00129358589176	0.000861225325857	0.000944716245331	0.0	0.00157095909868	0.00312570859305	0.00255077130475	0.0020754326643	0.00256120497787	0.00164111755485	0.00328572141954	0.00215806009855	0.0	0.00202486517346	0.00101535128169	0.000980685467186	0.00177335478994	0.00164489246855	0.0013313181943	0.00106295153076	0.00224125174897	0.00163661577947	0.00330110764068	0.00293051711053	0.00229593069252	0.000991319840468	0.00155540198162	0.000592454438697	0.00183982997523	0.00199960120879	0.00219732099135	0.00035283107247	0.00117955866231	0.000696003643994	0.0039525594755	0.00152710116246	0.0	0.0019642933013	0.000349170064731	0.000212221038071	0.00149721383975	0.00156510810739	0.0	0.0
Bacteria;Actinobacteria;Coriobacteriia;Coriobacteriales;uncultured	0.000578553869223	0.00119113790148	0.000389017695198	0.000667755707847	0.000719464600843	0.0	0.000286033959262	0.000740831456367	0.000931204764114	0.000498584403415	0.000673040759421	0.0	0.000537950233736	0.000602096490037	0.000598483060827	0.000289389301912	0.0010431543969	0.0011409233794	0.0012175328493	0.000814335660988	0.000257502645926	0.000581926433309	0.000497780372316	0.000958156877254	0.000833565096364	0.000938685533902	0.00126454961308	0.00105125110774	0.000436069541293	0.0	0.00125126153962	0.000553552201468	0.000195872268383	0.000657286026229	0.000395614313039	0.000330643147755	0.00107284353014	0.00134400647625	0.0	0.000751784637895	0.000605597167623	0.000865974903778	0.0	0.000782575927939	0.00123856149841	0.000625604401036	0.000546288952644	0.00110848170149	0.00113289110525	0.000919655597748	0.0	0.0
Bacteria;Bacteroidetes;Bacteroidia;Bacteroidales;Bacteroidaceae	0.0215468288414	0.02191960911	0.00135370058507	0.0246437088154	0.000886316002981	0.00483215714319	0.0276738791223	0.00159326520285	0.0343947731701	0.00689482301378	0.0394896560017	0.0267986158202	0.000418587129641	0.00192450943895	0.00204662808679	0.00152460400873	0.00714966029799	0.00144400223712	0.00454565047953	0.00278888784807	0.0265675518019	0.0277102217797	0.0271632728876	0.0256783136624	0.00571406001891	0.0016385353122	0.00845636161014	0.0273016989436	0.00206990795067	0.001863536887	0.000542844511141	0.00285924343112	0.00128059788626	0.0277458156587	0.00631923466161	0.0132704869918	0.00413274900611	0.00504647277978	0.000874163424069	0.0327673318604	0.0255946660998	0.0291009121661	0.0	0.00152710116246	0.00220653280959	0.0277312985071	0.0364539474998	0.000424442076143	0.0284780656049	0.0233652358403	0.0101473681738	0.00467362407163
Bacteria;Bacteroidetes;Bacteroidia;Bacteroidales;Bacteroidales RF16 group	0.00387427079631	0.00381433803545	0.00639451088522	0.00576219427118	0.0053247352579	0.00772080907687	0.00457298055849	0.00653782683491	0.00580857602784	0.006764907536	0.00307135746044	0.000885316526662	0.00771866127667	0.00581316155901	0.0064935832487	0.00711675623291	0.00535864376185	0.00446447720118	0.00557161060795	0.00692882456586	0.0053577543768	0.00628103565919	0.00511654140093	0.00519219983489	0.00501826876038	0.00796419228122	0.00592274434148	0.00540895579142	0.00649108734155	0.00618499803105	0.00616682418838	0.00555395458741	0.00628018171986	0.00567179633359	0.00677054694231	0.0131681316733	0.00633305805328	0.00482604919848	0.0067317780106	0.00681419307769	0.00338049762225	0.00219193020676	0.0	0.0061683979098	0.00456453927367	0.00288902666328	0.00621592942248	0.00491515636592	0.00220132179586	0.00304507153205	0.0	0.0
Bacteria;Bacteroidetes;Bacteroidia;Bacteroidales;Bacteroidales UCG-001	0.0	0.0	0.0	0.0	0.0	0.0	0.0	0.0	0.0	0.0	0.0	0.0	0.0	0.0	0.0	0.0	0.0	0.0	0.0	0.0	0.000257502645926	0.0	0.0	0.0	0.0	0.0	0.0	0.0	0.0	0.0	0.0	0.0	0.0	0.0	0.0	0.00434318513509	0.0	0.0	0.000181821836335	0.0	0.0	0.0	0.0	0.0	0.0	0.0	0.0	0.0	0.0	0.0	0.0	0.0
Bacteria;Bacteroidetes;Bacteroidia;Bacteroidales;Dysgonomonadaceae	0.00210694688798	0.0018168341254	0.0	0.000980089019147	0.0	0.000427385800791	0.000747242832491	0.000159987773355	0.000699274555628	0.000624428489353	0.00263288064466	0.00264060938153	0.0	0.000398188497127	0.000262667840348	0.0	0.0	0.000547039184951	0.00105914567682	0.000529388776578	0.000633728378671	0.000396224110228	0.000479181973288	0.0	0.000936734601275	0.0	0.000929659445352	0.00034171290884	0.0	0.00106117705553	0.000226645041314	0.00129379409969	0.0	0.00036830373649	0.000395614313039	0.0	0.00137166941784	0.000839103674933	0.000301497638185	0.000760207831061	0.00264338943582	0.00285084962795	0.00616223104228	0.00162341169535	0.000757671933516	0.00259863139462	0.000349170064731	0.00255393944452	0.00248146681242	0.00191312878996	0.00654777823741	0.0
Bacteria;Bacteroidetes;Bacteroidia;Bacteroidales;F082	0.0152278042792	0.0134905111447	0.0273583848637	0.0146722038627	0.0281095969323	0.0123929651611	0.0181421023594	0.0273186799619	0.0161953925511	0.031695281756	0.0146678178114	0.0170413890527	0.0295782023105	0.0295006646342	0.0296549518887	0.0300578142491	0.0281643959888	0.0383703038882	0.030107728379	0.0375176828779	0.0155511023879	0.0153014531162	0.0160363532245	0.0161186468121	0.0320650159726	0.0277972210328	0.0283046019442	0.0132927592148	0.0290940323216	0.0315225036884	0.0249204974533	0.0309210656284	0.0273714644188	0.0144840101912	0.0318915036719	0.01612864763	0.0356805271315	0.0295889493777	0.0283193609719	0.0169349791287	0.0149300921963	0.0151898302669	0.0264866264134	0.0323572104394	0.0163989624596	0.0163627872691	0.014925949144	0.0347934417666	0.0153096021712	0.0137282585946	0.00733331870085	0.0188904427274
Bacteria;Bacteroidetes;Bacteroidia;Bacteroidales;Marinifilaceae	0.00206115603242	0.00112156048138	0.000519222040499	0.00362588897137	0.000206013541826	0.00137343267559	0.00385230099016	0.0	0.0028330272347	0.0	0.00316750575044	0.00222810770346	0.000537950233736	0.00142656048937	0.000412300969886	0.0	0.0	0.0	0.0	0.0	0.00367922415601	0.00303999139457	0.00321176626015	0.00403547017099	0.000468367300637	0.00054256769534	0.0	0.00332605070312	0.000337620235635	0.00046588422175	0.000226645041314	0.0	0.000195872268383	0.00428658257354	0.0	0.00208032564625	0.0	0.0	0.000181821836335	0.00437958613607	0.00120371191497	0.00374974763952	0.0	0.0	0.000291066960969	0.00291859235931	0.00379757478373	0.0	0.00321524620018	0.00170787319557	0.0	0.0
Bacteria;Bacteroidetes;Bacteroidia;Bacteroidales;Muribaculaceae	0.00401780855061	0.00468596416018	0.00435996306556	0.00573902575548	0.00490789856013	0.00468598697004	0.00567068814761	0.00571898778461	0.00614207982752	0.0036495136409	0.0048192082028	0.00476855681358	0.00443585568691	0.00480436272856	0.00432473622629	0.00372522860014	0.00375945680354	0.004042582949	0.00374590743639	0.00270006807751	0.00555980384009	0.00491444402429	0.00658337836138	0.00482498606512	0.00462883470089	0.00562031947651	0.0037139439396	0.00429503118395	0.00409316746718	0.00463220704352	0.00364880192012	0.0044658577768	0.00518175848157	0.00618161755638	0.00466448048118	0.00347859433996	0.00596854255323	0.0037382807011	0.00615914669285	0.00722874308227	0.00469671520852	0.00392263968196	0.0	0.00508268479097	0.005022253551	0.0046224140262	0.0068606972835	0.00590594822551	0.00508985489914	0.00375583263991	0.00288646626601	0.0
Bacteria;Bacteroidetes;Bacteroidia;Bacteroidales;Prevotellaceae	0.0918864637691	0.0828437755724	0.13569539511	0.148003711206	0.131335598707	0.201542915893	0.139804987685	0.144523232762	0.141531331173	0.109760459573	0.0999030872073	0.105547823929	0.133907174962	0.139944597153	0.150592522464	0.147982164061	0.105463353844	0.186601279858	0.101352452703	0.0947779755031	0.146974065989	0.126380419486	0.137368386981	0.122646764403	0.114746795243	0.150272962638	0.111521740927	0.127795380558	0.147798978205	0.146891451144	0.132086161444	0.0915791516652	0.143286077231	0.136198134188	0.0917375550414	0.185818177617	0.11470604224	0.105303434142	0.143732418054	0.142950055863	0.117135493672	0.103803935303	0.057301565789	0.0925393286682	0.162884758492	0.115538981744	0.142592079551	0.128941178232	0.112212427919	0.0895180140362	0.0281950170256	0.0299473235676
Bacteria;Bacteroidetes;Bacteroidia;Bacteroidales;RH-aaj90h05	0.0	0.0	0.00018087972923	0.0	0.000338340460364	0.0	0.0	0.00035586056004	0.000193858448263	0.000720987844558	0.0	0.000442658263331	0.000256018474822	0.000697330046212	0.000517397780419	0.000723591932612	0.000871774497832	0.000684907453635	0.000849408181747	0.0	0.000257502645926	0.0	0.0	0.000149418682755	0.000942177236188	0.000675965691302	0.00085089381635	0.00020713371331	0.000436069541293	0.000287719361972	0.000559160410189	0.000650123548711	0.000195872268383	0.0	0.000879813931518	0.0	0.000879973880404	0.000963816543437	0.000656420874513	0.000213888841109	0.000302798583811	0.0	0.0	0.000782575927939	0.000291066960969	0.0	0.0	0.00102286791489	0.0	0.000317787753781	0.0	0.0
Bacteria;Bacteroidetes;Bacteroidia;Bacteroidales;Rikenellaceae	0.0317955690701	0.0325891062596	0.0507512755136	0.0457553938026	0.0592537346973	0.047452354556	0.042467301002	0.0601899602215	0.0403121525991	0.0653725815039	0.0352793887885	0.0405087124096	0.0532933341565	0.0637388057785	0.057411617984	0.0603252662964	0.0620037572214	0.061884345969	0.0624538891534	0.0673237094119	0.0444570142761	0.0406731692733	0.0410395922583	0.0351823149051	0.0681489457331	0.0603220541542	0.0619928043681	0.0406245986428	0.0566813675434	0.0579346890465	0.0516406051712	0.0673582399708	0.0538610803739	0.0410615100297	0.0624271724916	0.0468547396955	0.0727555750722	0.0712270528283	0.0599475046474	0.0441731082541	0.0397673877156	0.0348141059307	0.0146941197032	0.062022757105	0.0606027039228	0.0403134350353	0.0403260982315	0.0736711513898	0.0331520048867	0.0351469179024	0.00441295075085	0.0122104024649
Bacteria;Bacteroidetes;Bacteroidia;Bacteroidales;Tannerellaceae	0.000578553869223	0.00031284811196	0.00018087972923	0.00370898935006	0.000206013541826	0.00268193734384	0.00326858106958	0.000270885740278	0.00408850993229	0.000387631652849	0.000686925176239	0.00278952155193	0.0	0.000578975090047	0.000623691458159	0.000684396600388	0.0	0.0	0.000551528018943	0.0	0.00340836508484	0.0038513774492	0.0038060313829	0.00313195242421	0.0	0.000673035159857	0.000295845139063	0.00270264091848	0.0	0.0	0.000264815368799	0.0	0.00074551243417	0.0036766362364	0.0	0.00128999611981	0.0	0.0	0.000521552014315	0.00355919948639	0.000479024546199	0.000557692296371	0.0	0.0	0.00104218357203	0.00102785535989	0.00389595704941	0.0	0.00050114357904	0.00134365532399	0.0	0.0
Bacteria;Bacteroidetes;Bacteroidia;Bacteroidales;p-251-o5	0.0	0.0	0.0	0.0	0.0	0.0	0.0	0.00035586056004	0.0	0.0	0.0	0.0	0.000674605604463	0.000482367555766	0.000345286297758	0.00109948418816	0.0	0.0	0.0	0.0	0.0	0.0	0.0	0.0	0.0	0.00132574583112	0.000177313704188	0.0	0.00100514534409	0.000851929013811	0.00162927932466	0.0	0.000693409627756	0.0	0.0	0.000197484812899	0.0	0.000322077653768	0.00039084394955	0.0	0.0	0.0	0.0	0.0	0.0	0.0	0.0	0.00118188950647	0.0	0.0	0.0	0.0
Bacteria;Bacteroidetes;Bacteroidia;Bacteroidales;p-2534-18B5 gut group	0.00162514225633	0.00167611504464	0.00129723288719	0.00110067339883	0.00199794392904	0.00201310828486	0.000918633940026	0.00199771899614	0.000990091042482	0.000904991323718	0.00164434947046	0.00179255831258	0.00150268164503	0.00191091428717	0.00204980819263	0.00143252055967	0.000997121921592	0.00210323811148	0.000756471542869	0.00138308222959	0.00104802085913	0.00113872918031	0.000912874469052	0.00120756611215	0.000468367300637	0.00146805305183	0.000688178989865	0.0011803423507	0.00141987135241	0.00146320295198	0.00126656398616	0.000729891545425	0.00129600969324	0.00116832537421	0.000879813931518	0.000907188147022	0.000953410830583	0.000322077653768	0.00147166842008	0.00119010037927	0.00182241828292	0.00171062980894	0.0	0.00111437797453	0.00319532838295	0.00204912465674	0.000790537262525	0.000795107957915	0.0017068233954	0.00166790006528	0.00267578652256	0.0
Bacteria;Bacteroidetes;Bacteroidia;Bacteroidales;uncultured	0.0049374968263	0.00485033455821	0.00581960654534	0.00619489426469	0.00631909301516	0.00809035377045	0.00616946986508	0.00668620087619	0.00605203202035	0.00830634234861	0.00469013252838	0.00473211448847	0.00735865688039	0.00670347526694	0.00640227513971	0.00682837437394	0.00782792177614	0.00787076483603	0.00727818384815	0.00875349063243	0.0064967374202	0.00538477160078	0.00573371335138	0.00477327587595	0.00819437098641	0.00646512060249	0.00738285060519	0.00618822072565	0.00676569257739	0.00689824569112	0.00575061777423	0.00806088031514	0.00630971440319	0.00546594272897	0.00798006247421	0.00497345031944	0.00889397637973	0.00786022172238	0.00661283342546	0.0056634883551	0.00498583592806	0.00487804997942	0.0	0.0101732756705	0.00726501281307	0.00518741948851	0.00630616148737	0.00808362067902	0.00476278717449	0.00460946827641	0.00240904667486	0.00214222214719
Bacteria;Bacteroidetes;Bacteroidia;Flavobacteriales;Flavobacteriaceae	0.00147541541835	0.00202081109439	0.000640951445096	0.00168241858825	0.00054435400219	0.00102165666956	0.00220030406834	0.000855620935609	0.00193065264763	0.000236796836504	0.00256999545428	0.00247205427407	0.000418587129641	0.00101494075363	0.000956108960575	0.00175342014481	0.0	0.000877299714853	0.0	0.0	0.00243003968711	0.00176389319888	0.00218346877773	0.00173292698945	0.000468367300637	0.000986622481958	0.000354627408375	0.00168171953483	0.00132659575318	0.00121948780547	0.000946509736482	0.000695610793614	0.0011136128359	0.00201770735577	0.0	0.00190430595004	0.0	0.000517026021165	0.00110022510248	0.00227616218617	0.00176351667049	0.00246691817825	0.0	0.000782575927939	0.000757671933516	0.00273958746118	0.00217336540153	0.000212221038071	0.00227642922692	0.00153837727351	0.00204535500096	0.00153049243149
Bacteria;Chloroflexi;Anaerolineae;Anaerolineales;Anaerolineaceae	0.000578553869223	0.00072640203116	0.00138126316372	0.000185085387253	0.00182424025977	0.0	0.0	0.00109897219941	0.0	0.00209188699077	0.000977367961154	0.0	0.00152694984057	0.001580098927	0.00119820255472	0.00116755251845	0.00202788508263	0.0019600363232	0.00246280835427	0.00258548042517	0.0	0.000305109550617	0.000641898357255	0.000149418682755	0.00278080455435	0.00121118404338	0.00215165808907	0.0	0.00184918795727	0.00170577470267	0.00154650564836	0.00259145041436	0.000893361025277	0.0	0.00236267741994	0.00126847934909	0.00212612340468	0.00265954035218	0.00128349460018	0.00035283107247	0.00070053411611	0.000366698260466	0.00422564998976	0.00272434509155	0.00118111633742	0.000402250958854	0.0	0.00238489685848	0.000393118508385	0.000317787753781	0.0	0.00281733300012
Bacteria;Chloroflexi;Anaerolineae;SBR1031;uncultured Chloroflexi bacterium	0.0	0.0	0.0	0.0	0.0	0.0	0.0	0.0	0.0	0.0	0.0	0.0	0.0	0.0	0.0	0.0	0.000202013021119	0.0	0.0	0.000529388776578	0.0	0.000305109550617	0.0	0.0	0.0	0.0	0.000295845139063	0.0	0.0	0.0	0.0	0.000553552201468	0.0	0.0	0.0	0.0	0.0	0.0	0.00039084394955	0.0	0.0	0.0	0.0	0.0	0.0	0.0	0.0	0.000601592406449	0.0	0.0	0.0	0.0
Bacteria;Chloroflexi;Chloroflexia;Thermomicrobiales;JG30-KF-CM45	0.0	0.0	0.0	0.0	0.0	0.000266761780487	0.0	0.0	0.0	0.0	0.0	0.0	0.0	0.000149165812575	0.0	0.000460965800625	0.000637141341336	0.000547039184951	0.000209737495068	0.0	0.0	0.0	0.0	0.0	0.000468367300637	0.0	0.000456500602101	0.0	0.0	0.0	0.0	0.0	0.0	0.0	0.0	0.0	0.0	0.000491792449057	0.0	0.0	0.0	0.0	0.00318822839029	0.00050903372082	0.000291066960969	0.0	0.0	0.00128875423428	0.0	0.000190040633576	0.0	0.0
Bacteria;Cyanobacteria;Melainabacteria;Gastranaerophilales;gut metagenome	0.0	0.0	0.0	0.000185085387253	0.000206013541826	0.00126535459073	0.0	0.0	0.000193858448263	0.0	0.0	0.0	0.0	0.0	0.0	0.0	0.000202013021119	0.0	0.0	0.0	0.0	0.000366968071889	0.000186726462219	0.000251295976228	0.0	0.000169474730367	0.0	0.00020713371331	0.0	0.00046588422175	0.0	0.0	0.000195872268383	0.000169906968865	0.0	0.000431225011397	0.0	0.0	0.0	0.0	0.000302798583811	0.0	0.0	0.0	0.000933209945093	0.000402250958854	0.0	0.0	0.0	0.0	0.0	0.0
Bacteria;Cyanobacteria;Melainabacteria;Gastranaerophilales;uncultured bacterium	0.00143509079015	0.00143440859334	0.00869342384043	0.00778785670906	0.00859352462058	0.0228571132848	0.00500783539673	0.0092156737489	0.00848381004028	0.00416278434557	0.00108553376389	0.000442658263331	0.00798421749768	0.0090825014844	0.00953114814264	0.00912636225933	0.00229731856968	0.0137870839055	0.00533995566034	0.00191247100617	0.00784732716346	0.00803267123716	0.00787469914005	0.00776586999171	0.00222834102684	0.00810156413919	0.00386169824407	0.00882654446206	0.00932377402539	0.00728719854188	0.0101151299206	0.0032498414671	0.0074145288062	0.00798237920278	0.00359769530506	0.0162022775717	0.00433108736491	0.00337418822434	0.00965241512657	0.00759240517027	0.00156131174489	0.00273293231654	0.00269691774222	0.00206091011255	0.00593759132039	0.00180887653111	0.00824236571014	0.00474580322333	0.00107327817926	0.00148606199465	0.0	0.00153049243149
Bacteria;Cyanobacteria;Melainabacteria;Gastranaerophilales;uncultured cyanobacterium	0.0	0.0	0.0	0.0	0.0	0.000632677295367	0.0	0.0	0.0	0.0	0.0	0.0	0.0	0.0	0.000154984411843	0.0	0.0	0.000349923867221	0.0	0.0	0.0	0.0	0.0	0.0	0.0	0.000169474730367	0.0	0.0	0.000337620235635	0.0	0.0	0.0	0.0	0.000283202166249	0.0	0.0	0.0	0.0	0.000181821836335	0.0	0.0	0.0	0.0	0.0	0.0	0.0	0.0	0.0	0.0	0.0	0.0	0.0
Bacteria;Cyanobacteria;Melainabacteria;Gastranaerophilales;uncultured rumen bacterium	0.00247195347434	0.00227922363487	0.00540620222668	0.00418259394732	0.00529229771954	0.0112714603553	0.00394296794692	0.00498576707239	0.00389893174109	0.00383933423101	0.00162726347689	0.000848051068942	0.00598223264184	0.00458747666877	0.00478447171429	0.00537540430505	0.00265448421439	0.00767490257411	0.00370226368651	0.000529388776578	0.00447970510211	0.00521084521341	0.00316327029417	0.00394637330391	0.00234247699006	0.0047682099222	0.00302659371795	0.0039329912232	0.0059528570382	0.00639153629079	0.00498202271371	0.002256175653	0.00434687555533	0.00438976972026	0.00221228600541	0.00609737301236	0.00412920085559	0.00306367852845	0.00474205609119	0.0039803591447	0.00238353994441	0.00217517143037	0.0	0.00295958293396	0.00555616484297	0.00229810647466	0.00295597796289	0.00472373152552	0.00188794815844	0.00231162341555	0.0	0.0
Bacteria;Cyanobacteria;Melainabacteria;Gastranaerophilales;uncultured rumen bacterium 4C0d-2	0.0	0.0	0.0	0.0	0.0	0.000266761780487	0.0	0.0	0.0	0.0	0.0	0.0	0.0	0.0	0.0	0.0	0.0	0.0	0.0	0.0	0.0	0.0	0.0	0.0	0.0	0.0	0.0	0.0	0.0	0.0	0.0	0.0	0.0	0.0	0.0	0.00141276625648	0.0	0.0	0.0	0.0	0.0	0.0	0.0	0.0	0.0	0.0	0.000349170064731	0.0	0.0	0.0	0.0	0.0
Bacteria;Cyanobacteria;Oxyphotobacteria;Chloroplast;Arachis duranensis	0.000899985961055	0.0	0.000460071715866	0.0	0.0	0.0	0.0	0.0	0.000321359814514	0.0	0.000465634265612	0.0	0.0	0.0	0.0	0.0	0.0	0.000950041211078	0.000209737495068	0.0	0.000257502645926	0.000305109550617	0.0	0.000251295976228	0.0	0.0	0.0	0.0	0.000436069541293	0.000287719361972	0.000410436826741	0.0	0.0	0.0	0.0	0.0	0.0	0.0	0.0	0.0	0.000479024546199	0.0	0.0	0.00050903372082	0.0	0.000625604401036	0.0	0.0	0.0	0.000869039382122	0.0	0.0
Bacteria;Cyanobacteria;Oxyphotobacteria;Chloroplast;Cenchrus americanus	0.0	0.00062569622392	0.0	0.0	0.0	0.0	0.0	0.0	0.0	0.0	0.000362108429184	0.000442658263331	0.000418587129641	0.0	0.000154984411843	0.0	0.0	0.000349923867221	0.0	0.0	0.0	0.000183484035945	0.000186726462219	0.000251295976228	0.0	0.000285177021616	0.0	0.00020713371331	0.0	0.000287719361972	0.0	0.0	0.0	0.000169906968865	0.0	0.0	0.0	0.0	0.0	0.0	0.0	0.000366698260466	0.0	0.0	0.000466604972546	0.0	0.0	0.0	0.0	0.000190040633576	0.0	0.0
Bacteria;Cyanobacteria;Oxyphotobacteria;Chloroplast;Lavandula angustifolia	0.000230489600726	0.00062569622392	0.0	0.0	0.0	0.0	0.0	0.0	0.0	0.0	0.0	0.0	0.0	0.0	0.0	0.0	0.0	0.0	0.0	0.0	0.0	0.000529828375434	0.000404411912531	0.000149418682755	0.0	0.000169474730367	0.0	0.00020713371331	0.000204816030497	0.0	0.000359764201401	0.000650123548711	0.0	0.000585010597785	0.000613229792629	0.0	0.0	0.0	0.0	0.000213888841109	0.0	0.0	0.0	0.0	0.0	0.0	0.0	0.0	0.000393118508385	0.000317787753781	0.0	0.0
Bacteria;Cyanobacteria;Oxyphotobacteria;Chloroplast;Medicago truncatula (barrel medic)	0.000651586251393	0.00103925014312	0.000300022227514	0.0	0.0	0.0	0.0	0.0	0.000321359814514	0.000586368298201	0.000465634265612	0.0	0.0	0.0	0.0	0.0	0.0	0.0	0.000341790523874	0.000529388776578	0.0	0.000930362300669	0.000186726462219	0.000443429135028	0.0	0.000169474730367	0.000177313704188	0.000775693709916	0.0	0.000287719361972	0.000410436826741	0.0	0.0	0.000493412359819	0.000764173355542	0.0	0.0	0.000607806213241	0.00039084394955	0.000760207831061	0.0	0.0	0.0	0.0	0.0	0.0	0.000546288952644	0.0	0.00103477651645	0.000869039382122	0.0	0.0
Bacteria;Cyanobacteria;Oxyphotobacteria;Chloroplast;Triticum aestivum (bread wheat)	0.000490556569479	0.00031284811196	0.00018087972923	0.0	0.000206013541826	0.0	0.000286033959262	0.000159987773355	0.000657205443946	0.0	0.000673040759421	0.000442658263331	0.000632354456254	0.000149165812575	0.000345286297758	0.0	0.0	0.000950041211078	0.0	0.0	0.0	0.000581926433309	0.000404411912531	0.000488463853685	0.0	0.000169474730367	0.000177313704188	0.00034171290884	0.000337620235635	0.00046588422175	0.0	0.0	0.0	0.000283202166249	0.0	0.0	0.0	0.0	0.0	0.0	0.000302798583811	0.000687698561421	0.0	0.0	0.00104218357203	0.0	0.0	0.0	0.000393118508385	0.00107478745861	0.0	0.0
Bacteria;Deinococcus-Thermus;Deinococci;Deinococcales;Trueperaceae	0.0	0.0	0.0	0.0	0.0	0.0	0.0	0.0	0.0	0.00065900895855	0.0	0.0	0.0	0.0	0.000262667840348	0.0	0.0	0.0	0.0	0.0	0.0	0.0	0.0	0.0	0.000294542772209	0.0	0.000295845139063	0.0	0.0	0.0	0.0	0.000553552201468	0.0	0.0	0.0	0.0	0.0	0.000322077653768	0.0	0.0	0.0	0.0	0.0	0.0	0.0	0.0	0.0	0.0	0.0	0.0	0.0	0.0
Bacteria;Elusimicrobia;Elusimicrobia;Elusimicrobiales;Elusimicrobiaceae	0.000230489600726	0.0	0.000750777153658	0.000868012356648	0.000577648725299	0.00393228656656	0.0	0.00112456091973	0.00117884147283	0.000473593673008	0.000768806934553	0.0	0.00125359514637	0.00126782503981	0.00180492025976	0.0017846719741	0.000335391290391	0.00262813997713	0.000551528018943	0.0	0.00180481425455	0.00196596014306	0.00108798281414	0.00141946513251	0.0	0.00125800605976	0.000633814306289	0.00119220768264	0.000719182413584	0.00184189167738	0.00160994365742	0.0	0.0011780905879	0.00121313327367	0.000764173355542	0.00321006228655	0.0	0.000194948367397	0.00144648452868	0.00132692774464	0.0	0.000366698260466	0.0	0.0	0.00238874823416	0.000402250958854	0.000349170064731	0.000424442076143	0.000393118508385	0.000317787753781	0.0	0.0
Bacteria;Epsilonbacteraeota;Campylobacteria;Campylobacterales;Campylobacteraceae	0.00237405722513	0.001977794479	0.00240149581697	0.00203914216508	0.00182234351054	0.00567777864224	0.00295985605929	0.00276165123982	0.00310933171168	0.00504665129661	0.00205493190057	0.00188351446491	0.00212441837329	0.00279768457788	0.00261040694435	0.00208421482392	0.00397162567053	0.00394667598512	0.00247302006615	0.00337585725088	0.0023245045886	0.00210997134391	0.00254869176681	0.00282166658184	0.00444399560247	0.00313510606619	0.00422140122992	0.00230396684675	0.00268798773947	0.00251978659661	0.00251261185024	0.00269859573313	0.0023352194253	0.00211034219439	0.00451967956897	0.00119926295676	0.002006104772	0.00275498885792	0.00264109813722	0.00223958170071	0.00177477023059	0.00275011406342	0.0	0.0035523281803	0.00557102232166	0.00303159345178	0.00236007909238	0.00402495155526	0.00268997974994	0.00247324236005	0.0	0.0
Bacteria;Fibrobacteres;Fibrobacteria;Fibrobacterales;Fibrobacteraceae	0.000379857997569	0.00093854433588	0.00835520915642	0.00384683188427	0.00771826082946	0.00169762692348	0.00970007953007	0.00740562394773	0.002833535417	0.0117981730335	0.00125537563637	0.00286120891839	0.00871996765279	0.00843228201382	0.00773675734687	0.00839146692247	0.0117506172436	0.00581694210493	0.0104799026191	0.0133109199827	0.00551669646108	0.00559041315623	0.00952918280961	0.00907125690348	0.0120041071747	0.00905679975993	0.0109616149144	0.00738883605976	0.00860935588823	0.00878843757977	0.00789655427177	0.0114649005097	0.00766760940579	0.00904573084665	0.0126711841146	0.00582470289768	0.0114445106694	0.0112432992797	0.00796317403557	0.00909158289056	0.00125773498937	0.00132901326525	0.00908781040833	0.0137894867372	0.00162326250654	0.00220532889099	0.00787296510748	0.00412391372794	0.00205809582844	0.000871605761054	0.00502723528482	0.00253140192444
Bacteria;Firmicutes;Bacilli;Bacillales;Bacillaceae	0.00107132679975	0.0017472567053	0.0	0.000812679665471	0.000206013541826	0.000266761780487	0.0026873070675	0.000159987773355	0.00743053674539	0.00767443890099	0.00179408664189	0.000442658263331	0.0	0.0	0.0	0.000171576498713	0.0123649355291	0.0	0.00540847473792	0.000814335660988	0.00220271220649	0.000183484035945	0.00264164193255	0.0045912727212	0.00620939091473	0.000454651751983	0.00903441739539	0.00147189591373	0.0	0.0	0.0	0.00298162996385	0.0	0.00239103645582	0.00542151041707	0.000688777715017	0.000953410830583	0.00201581177376	0.0	0.00321921106319	0.00169021888144	0.00245831587318	0.0200110805933	0.00377885664177	0.0	0.00102785535989	0.00234957725263	0.0	0.00200691213145	0.00193673783453	0.0200358952428	0.0157208583178
Bacteria;Firmicutes;Bacilli;Bacillales;Family XII	0.0	0.0	0.0	0.0	0.0	0.0	0.000911001495588	0.0	0.0	0.0	0.0	0.0	0.0	0.0	0.0	0.0	0.000335391290391	0.0	0.0	0.0	0.00274330743593	0.0	0.0	0.0	0.000294542772209	0.0	0.0	0.0	0.0	0.0	0.0	0.0	0.0	0.00165249431341	0.0	0.0	0.0	0.0	0.0	0.000958469542352	0.0	0.0	0.0	0.0	0.0	0.0	0.0	0.0	0.00154972329896	0.0	0.0	0.0
Bacteria;Firmicutes;Bacilli;Bacillales;Paenibacillaceae	0.000951535770932	0.00125139244784	0.0	0.000306853340528	0.0	0.0	0.00354422429561	0.0	0.00138562451617	0.000710390509512	0.00143267966643	0.00205150834559	0.0	0.0	0.0	0.0	0.00150739798177	0.0	0.0	0.0	0.0	0.000672077622506	0.00206702617262	0.00305301700686	0.0	0.0	0.00094731471978	0.00034171290884	0.0	0.0	0.0	0.0	0.0	0.00293972303788	0.0	0.00108374734081	0.0	0.0	0.0	0.00264997172483	0.00168318540638	0.00257793649815	0.0	0.0	0.0	0.00180887653111	0.0016859962799	0.0	0.0022413838208	0.00129330997352	0.0	0.0
Bacteria;Firmicutes;Bacilli;Bacillales;Planococcaceae	0.020115770514	0.0171294978134	0.0	0.00258529757172	0.000412027083651	0.0	0.016144049228	0.00110670962038	0.0177037247551	0.029583190117	0.0263564224343	0.0210112453383	0.0	0.0	0.0	0.0	0.038152780792	0.000699847734441	0.00486535754767	0.0	0.00138933647712	0.000672077622506	0.00946833148324	0.0177257573544	0.0289936679303	0.000454651751983	0.0366999034282	0.00509781321148	0.0	0.0	0.0	0.0	0.000195872268383	0.0170908220008	0.0341093456704	0.00430708471156	0.00103482298147	0.000611497677131	0.000181821836335	0.0134673047926	0.0162035701979	0.0219297505817	0.0	0.0204959214519	0.000291066960969	0.0177957928874	0.00342988153538	0.000212221038071	0.026279902724	0.0142056242282	0.00502723528482	0.0075151489208
Bacteria;Firmicutes;Bacilli;Bacillales;Staphylococcaceae	0.0	0.0	0.0	0.0	0.0	0.0	0.0	0.0	0.0	0.0	0.0	0.0	0.0	0.0	0.0	0.0	0.0	0.0	0.000209737495068	0.000529388776578	0.0	0.0	0.0	0.000251295976228	0.0	0.0	0.0	0.0	0.0	0.0	0.0	0.0	0.0	0.0	0.0	0.0	0.0	0.000194948367397	0.0	0.0	0.0	0.0	0.0	0.0	0.0	0.0	0.0	0.0	0.0	0.0	0.00388709019679	0.0
Bacteria;Firmicutes;Bacilli;Lactobacillales;Aerococcaceae	0.00240758939373	0.00250103294625	0.0	0.000927516331514	0.0	0.0	0.000576323227315	0.0	0.000555699959659	0.000236796836504	0.00228952313813	0.0025323674446	0.0	0.0	0.0	0.0	0.0	0.0	0.0	0.00101046277483	0.000257502645926	0.000627509064967	0.000683570901607	0.000328674831976	0.0	0.0	0.0	0.000441550390829	0.0	0.0	0.0	0.0	0.0	0.000688431815619	0.0	0.000431225011397	0.0	0.0	0.0	0.000455895913662	0.00237881105479	0.00269089248012	0.0	0.000782575927939	0.0	0.00253921365199	0.000876968047991	0.000212221038071	0.00209838699747	0.00226068435055	0.0113857931953	0.00818302482822
Bacteria;Firmicutes;Bacilli;Lactobacillales;Carnobacteriaceae	0.000721046170206	0.00031284811196	0.00036175945846	0.00039773577817	0.0	0.000694147581278	0.0017790668076	0.000590861286988	0.000387716896526	0.000236796836504	0.00111562258068	0.0	0.000256018474822	0.000253221754484	0.000154984411843	0.000460965800625	0.00100617387117	0.000684907453635	0.000419474990137	0.000529388776578	0.000420250157298	0.000183484035945	0.000684506834535	0.000448256048264	0.0	0.000624126482351	0.000591690278127	0.00119220768264	0.000204816030497	0.00121948780547	0.000823975778988	0.000431264699897	0.00071643475098	0.000169906968865	0.000395614313039	0.000197484812899	0.000348988272549	0.000322077653768	0.000945512448686	0.000213888841109	0.000302798583811	0.000812394832176	0.00318822839029	0.00147979146698	0.00135037451287	0.000625604401036	0.00104751019419	0.000424442076143	0.000636848710097	0.000190040633576	0.00147098358362	0.00306098486299
Bacteria;Firmicutes;Bacilli;Lactobacillales;Enterococcaceae	0.0010294429526	0.00296952299391	0.0	0.000655361965732	0.0	0.0	0.00124662276858	0.0	0.000737885932103	0.0	0.00230420726679	0.00129070933227	0.0	0.0	0.0	0.0	0.0	0.0	0.0	0.0	0.000257502645926	0.000529828375434	0.000186726462219	0.00133941339321	0.0	0.0	0.0	0.000643361060488	0.0	0.0	0.0	0.0	0.0	0.000283202166249	0.0	0.000628709824296	0.0	0.0	0.0	0.0	0.00122993031562	0.00262890444123	0.0	0.0	0.0	0.000625604401036	0.000895459017376	0.0	0.00330090244308	0.00333574541033	0.0	0.0
Bacteria;Firmicutes;Bacilli;Lactobacillales;Lactobacillaceae	0.00136096516251	0.00143440859334	0.00155604623709	0.000491938727781	0.00225794187206	0.000960909361765	0.00131931075101	0.00116363818926	0.000803703397863	0.00160429827441	0.00146133555245	0.00204829064543	0.000930624079284	0.000753422099775	0.0	0.000460965800625	0.00163117235331	0.0	0.0010854798205	0.00206924032799	0.000257502645926	0.000957678922255	0.000684506834535	0.00161995386006	0.00380208642958	0.00170943576146	0.00197430169076	0.00041426742662	0.00115688435762	0.000287719361972	0.00173462576819	0.00236872615601	0.000757268367948	0.000606425716471	0.00209102041783	0.0	0.00213803737798	0.00283684886915	0.000692341587734	0.00118798551328	0.00108285586264	0.000900641335852	0.0217874653626	0.00292098261942	0.000466604972546	0.000402250958854	0.00179091803475	0.000746184209669	0.00134712173337	0.000841049982886	0.00935378916676	0.00505994001627
Bacteria;Firmicutes;Bacilli;Lactobacillales;Streptococcaceae	0.0494697281523	0.0505761520327	0.00915034905355	0.0181822027124	0.00683588943958	0.000809452589715	0.0150153580401	0.00572455143113	0.0202488850559	0.0281246769614	0.0428477087919	0.0485839425388	0.00667948646916	0.00467565231635	0.00425251864383	0.00490372585205	0.022021792679	0.0012999650783	0.0332680620496	0.0324467049387	0.0204205331314	0.0253119111359	0.0180394274661	0.0196038848121	0.0243666704946	0.00801425169097	0.0208855140766	0.0237171007922	0.00696165534869	0.0061230299439	0.00592804288171	0.0337097126254	0.00618619773802	0.0192635226515	0.0237187759229	0.0111108207645	0.0318248593842	0.0305471875947	0.00629216412218	0.0149593985489	0.0469194142438	0.0442681992495	0.0208215224197	0.0241099763126	0.0027565475298	0.0380859139754	0.0177951419649	0.000986815626596	0.0445431803896	0.0581795203897	0.0304794313241	0.0259811415116
Bacteria;Firmicutes;Clostridia;Clostridiales;Christensenellaceae	0.0460593817488	0.0444714216847	0.0466860307813	0.0453092441091	0.0405265042371	0.0295586518057	0.0417346246455	0.0403273671906	0.0454419385329	0.0532985731371	0.037776935263	0.041969772775	0.0442392188808	0.04085856064	0.0381976064159	0.0402423977328	0.0584896965632	0.0340530768095	0.0631709575735	0.059021950926	0.0440525971909	0.0504162412995	0.0455290324538	0.0416346557977	0.0505598802452	0.0435255520734	0.0547788416569	0.0490952399186	0.0432826749311	0.0394411805671	0.0481927367964	0.0664097994482	0.0392822358021	0.0382805302015	0.0537904330493	0.0475414627282	0.0610208647526	0.0612928659226	0.0433392809893	0.0406565241544	0.0433570638791	0.046090110306	0.0596295976018	0.0637460730099	0.041398338937	0.0370123857	0.0443016244349	0.0642546108983	0.0436849130195	0.045005709085	0.0231917575709	0.0283309161581
Bacteria;Firmicutes;Clostridia;Clostridiales;Clostridiaceae 1	0.0264743968481	0.0344379447468	0.0	0.0184579503376	0.000206013541826	0.0	0.0176374032873	0.0	0.0122792664358	0.00959009613488	0.0364527980554	0.0288836855268	0.0	0.000402387567058	0.0	0.000171576498713	0.00836389102248	0.0	0.0071829332253	0.00366534881306	0.0199574376081	0.0212905241606	0.0218710950453	0.0220076831117	0.00918640095422	0.0	0.0100431940684	0.0175593665893	0.00190976764613	0.0	0.00120176936912	0.00640215961006	0.00138844879089	0.0206286540651	0.00722879558701	0.00711007885199	0.00393860983463	0.00487169893091	0.00036364367267	0.0248393354025	0.0240244951693	0.0302150335633	0.00131751982517	0.00871804804002	0.000291066960969	0.0318379235747	0.0194710551901	0.00141125770274	0.0324613482342	0.0254098792385	0.0184905376555	0.0188053567537
Bacteria;Firmicutes;Clostridia;Clostridiales;Clostridiaceae 2	0.000860467825427	0.00093854433588	0.0	0.0	0.0	0.0	0.0	0.0	0.0	0.0	0.000877936212642	0.00243752011998	0.0	0.0	0.0	0.0	0.0	0.0	0.0	0.0	0.0	0.0	0.000404411912531	0.000149418682755	0.0	0.0	0.0	0.0	0.0	0.0	0.0	0.0	0.0	0.0	0.0	0.000431225011397	0.0	0.0	0.0	0.000213888841109	0.00178000792478	0.00115549819873	0.0	0.0	0.0	0.000625604401036	0.0	0.0	0.000922905098584	0.00119481355392	0.0	0.0
Bacteria;Firmicutes;Clostridia;Clostridiales;Clostridiaceae 4	0.000230489600726	0.0	0.0	0.0	0.0	0.0	0.0	0.0	0.0	0.0	0.0	0.000682564001179	0.0	0.0	0.0	0.0	0.0	0.0	0.0	0.0	0.0	0.0	0.0	0.0	0.0	0.0	0.0	0.0	0.0	0.0	0.0	0.0	0.0	0.0	0.0	0.0	0.0	0.0	0.0	0.0	0.000603831316437	0.000222848285855	0.0	0.0	0.0	0.0	0.0	0.0	0.000243730201712	0.000317787753781	0.0	0.0
Bacteria;Firmicutes;Clostridia;Clostridiales;Clostridiales vadinBB60 group	0.00644194597695	0.00704587132313	0.0151137448839	0.0145176862028	0.0155198222996	0.00401267716129	0.0112577848207	0.0146712395923	0.0137102763461	0.0139703045215	0.00613634724947	0.00688602801255	0.014328514036	0.01686887398	0.0159713619945	0.0142537984634	0.0112198639072	0.00629689460962	0.0126489808905	0.0173197670142	0.0145349535403	0.0165072125958	0.0117763054838	0.0134692509444	0.0133007352579	0.0135612823095	0.0113271519262	0.0133880522396	0.0158205136279	0.0133984971126	0.0136471743337	0.0119870087227	0.0127039900528	0.0125574663699	0.0139440241637	0.0129038582072	0.0159188586804	0.0129217996845	0.013812939737	0.0133877545827	0.00747269313167	0.00625330420682	0.00187070856512	0.0124706074248	0.00265417618322	0.00672870141485	0.0148171294671	0.00695602311262	0.00553398524645	0.00667318441187	0.0071125034024	0.00153049243149
Bacteria;Firmicutes;Clostridia;Clostridiales;Defluviitaleaceae	0.0	0.0	0.00132253744516	0.00173089506029	0.000886316002981	0.0	0.000286033959262	0.000965429481766	0.000803059001756	0.00116266063384	0.0	0.0	0.00139850107569	0.000896388137457	0.000672382192262	0.00146274384774	0.00105220634648	0.0	0.00212154602239	0.00307882064111	0.00232308847065	0.00118917936774	0.00127470927636	0.00109858433912	0.00153126278061	0.00123834132432	0.00134604515436	0.000943492590761	0.0012012250954	0.000696942703696	0.00131531494083	0.0018513682438	0.00113588667982	0.000960685185966	0.00140445841871	0.00106479031396	0.00123283582187	0.0018028945118	0.00118957141384	0.000669784754771	0.0	0.0	0.0	0.00180064336958	0.000291066960969	0.0	0.0	0.00162644566501	0.0	0.0	0.0	0.0
Bacteria;Firmicutes;Clostridia;Clostridiales;Eubacteriaceae	0.00225647658334	0.00229064259096	0.0013531188993	0.00171872652245	0.00152107303377	0.00102165666956	0.00180682650899	0.000939790090711	0.00180678714233	0.00167647614345	0.00162897480564	0.00184553811994	0.00152694984057	0.00106456787863	0.00112334889696	0.00132265125941	0.00163768534143	0.00130735489461	0.00181164823413	0.0024772464971	0.00181004203799	0.00171414018741	0.00201638644966	0.00246442109544	0.0017183090028	0.00158495210461	0.00203066546373	0.00194011288789	0.00131264854666	0.001140686024	0.00167594846944	0.00243482146446	0.00101830088854	0.00175163059672	0.00214161101299	0.00152990610452	0.00188214736674	0.00188405016292	0.00123560852259	0.00195354747077	0.0015774737727	0.00130929369548	0.00430532766867	0.00290178815851	0.00208948242433	0.00126627800066	0.00212642926495	0.00140937218082	0.00192644709334	0.00198210364379	0.0	0.0
Bacteria;Firmicutes;Clostridia;Clostridiales;Family XI	0.0	0.0	0.000389017695198	0.0	0.0	0.0	0.0	0.00058473519533	0.0	0.0	0.0	0.0	0.0	0.0	0.0	0.000289389301912	0.0	0.0	0.000209737495068	0.0	0.0	0.0	0.0	0.0	0.000592134622763	0.0	0.000295845139063	0.0	0.0	0.0	0.0	0.000264346093717	0.0	0.0	0.0	0.0	0.0	0.0	0.000301497638185	0.0	0.0	0.000589546546321	0.0	0.0	0.0	0.0	0.0	0.000967012100753	0.0	0.000317787753781	0.0	0.0
Bacteria;Firmicutes;Clostridia;Clostridiales;Family XII	0.0	0.0	0.0	0.0	0.000436017834914	0.0	0.0	0.0	0.0	0.00136139727919	0.0	0.000885316526662	0.0	0.000402387567058	0.000607954138106	0.000171576498713	0.000973443346166	0.000547039184951	0.00102927013158	0.00134372443757	0.0	0.0	0.0	0.0	0.000762910072847	0.00054256769534	0.000295845139063	0.0	0.000204816030497	0.000696942703696	0.000586409242714	0.000553552201468	0.0	0.000283202166249	0.000613229792629	0.0	0.000697976545097	0.000929883867009	0.00036364367267	0.0	0.000781823130011	0.0	0.0	0.00147979146698	0.000291066960969	0.0	0.0	0.00182651617799	0.0	0.000604163357746	0.0	0.0
Bacteria;Firmicutes;Clostridia;Clostridiales;Family XIII	0.0177456382194	0.0202227522356	0.0167993941456	0.0159718527482	0.0162366971082	0.0221151777071	0.0156396566324	0.0187728175696	0.0127950924218	0.01824764436	0.0184370480391	0.0152490552309	0.0194618621508	0.0213147730521	0.0203223897335	0.0181666804526	0.020577537565	0.0208921673827	0.0230814921118	0.018368528627	0.0149310485932	0.0139690991588	0.0153500634115	0.0161471074067	0.0227334319803	0.0186401285649	0.021368819052	0.0151897713994	0.0202646157818	0.0162882482585	0.0221797924456	0.02205157039	0.0164879087523	0.0149067665126	0.023261631575	0.0104060934347	0.0201289183056	0.0216179631733	0.0165743858046	0.0156615201068	0.01767129183	0.0178271083805	0.0341633640491	0.0180775039354	0.0318596309991	0.0169802664728	0.0160609854076	0.0334153415214	0.0158467732025	0.021441009787	0.0413620116882	0.0344752689968
Bacteria;Firmicutes;Clostridia;Clostridiales;Lachnospiraceae	0.243398924079	0.251434744905	0.212296265696	0.18220628818	0.225414355356	0.178337930112	0.189675347227	0.202130809731	0.186923604054	0.18597535675	0.225399649919	0.23230422053	0.211348092046	0.193275894813	0.198567327203	0.184999926842	0.191009796859	0.15621268444	0.195674413421	0.206612523817	0.191045989759	0.200439025644	0.181708355864	0.202961270616	0.191042622717	0.17675366927	0.177354893968	0.198444692073	0.180120026161	0.195822830119	0.203983339619	0.202368216305	0.228885485841	0.187178598861	0.193204240582	0.169437510003	0.176674230629	0.198755413181	0.202227073879	0.17024069114	0.225427963762	0.213847319671	0.346748148598	0.200655596536	0.197256136111	0.231535086374	0.162234482243	0.15037370074	0.225110258544	0.233086430808	0.407491950622	0.425668094463
Bacteria;Firmicutes;Clostridia;Clostridiales;Peptococcaceae	0.000379857997569	0.0	0.000569897424428	0.0	0.000206013541826	0.0	0.0	0.0	0.0	0.00171815665139	0.000221290910627	0.0	0.000632354456254	0.0	0.000412300969886	0.0	0.00104116738357	0.000349923867221	0.0018724154654	0.000529388776578	0.0	0.0	0.0	0.0	0.000982840635049	0.000373092964973	0.00112539942955	0.0	0.000204816030497	0.000287719361972	0.000226645041314	0.000431264699897	0.000420822219955	0.0	0.00100884410567	0.00110565438638	0.000879973880404	0.00157866635769	0.000181821836335	0.0	0.0	0.000366698260466	0.0	0.0	0.000291066960969	0.0	0.0	0.00140427018032	0.000393118508385	0.0	0.0	0.0
Bacteria;Firmicutes;Clostridia;Clostridiales;Peptostreptococcaceae	0.00241750626525	0.00125139244784	0.0	0.000306853340528	0.0	0.0	0.0	0.0	0.00154998219633	0.0	0.00169336389099	0.00204829064543	0.0	0.0	0.000154984411843	0.0	0.0	0.000896963052171	0.000419474990137	0.000529388776578	0.0	0.000396224110228	0.0	0.0	0.0	0.0	0.000295845139063	0.000648684104139	0.000204816030497	0.0	0.0	0.000264346093717	0.0	0.000493412359819	0.0	0.0	0.0	0.000416549309734	0.0	0.00035283107247	0.000605597167623	0.000473155358138	0.0	0.000782575927939	0.0	0.000781021171222	0.0	0.000664746299559	0.00302668516587	0.00260372001989	0.00520611035564	0.0
Bacteria;Firmicutes;Clostridia;Clostridiales;Ruminococcaceae	0.110814641126	0.114669845287	0.171020278231	0.1292032677	0.16239765517	0.148896466487	0.125707650632	0.167101158915	0.124420246515	0.129968575767	0.117770156327	0.110018257081	0.170847493862	0.168376470734	0.165410529804	0.16550003544	0.138594786386	0.149960707061	0.157495373126	0.146932521198	0.124101147204	0.134893026652	0.123999296199	0.131566974186	0.132721409771	0.163193455862	0.140558702741	0.135534615631	0.155195410998	0.159282226607	0.170655148661	0.164660660745	0.167750794436	0.127482023243	0.145492098446	0.143326033491	0.146116093532	0.158128534336	0.162331318891	0.12417264901	0.120230162839	0.127542227644	0.155095720433	0.14421999186	0.156891656676	0.121617703166	0.12986774769	0.186904589957	0.112928194944	0.125232356132	0.126413088594	0.117046119462
Bacteria;Firmicutes;Erysipelotrichia;Erysipelotrichales;Erysipelotrichaceae	0.0219697475678	0.022620357596	0.0272214555437	0.0298034691308	0.0299404028625	0.026617096734	0.0293351057028	0.0280758375286	0.0248854826914	0.0227590863009	0.0208832355455	0.0237143005521	0.0286231656195	0.0279224314248	0.0255375457045	0.0261838744126	0.0211382892831	0.0244769994056	0.0255656846962	0.0245873686285	0.0300433228535	0.0323827077191	0.0314769720683	0.02816407515	0.0207428589247	0.0250201819257	0.0203659718389	0.0325189521711	0.0243869165866	0.025368463264	0.0246965473263	0.0261884307028	0.0203270306079	0.0269519563014	0.0223301227516	0.0268381740204	0.0252130273764	0.0244518506452	0.0236553382602	0.0276520346259	0.0224505830287	0.021085770143	0.0187731683699	0.021418481653	0.030641317746	0.0227568164589	0.0304495045129	0.0231030838404	0.0215988654312	0.0236516141803	0.0249981231748	0.031832252965
Bacteria;Firmicutes;Negativicutes;Selenomonadales;Acidaminococcaceae	0.0162089293662	0.0186761563093	0.0139122913439	0.0244474733141	0.0145811164154	0.0253129928021	0.0223385205056	0.0161450840108	0.0237336325092	0.0183857729189	0.0150253872618	0.0192228026887	0.0138458877533	0.0170172491526	0.0159601549652	0.0174833862374	0.0147529115817	0.0214431585129	0.0123522225069	0.0131123660991	0.0226609814501	0.0184613714513	0.0231652340801	0.0183204941597	0.0168330414006	0.0153891667765	0.0155575214328	0.0211835969499	0.0156213020029	0.017227881679	0.0148269085458	0.0139142444136	0.0174432820637	0.022140524184	0.0160610645738	0.0248785523498	0.0195618652595	0.0173469857241	0.019217153184	0.0215623198623	0.0184065144465	0.0191224326185	0.0484105319175	0.0147883174393	0.0156442457431	0.0201010581262	0.0249140041067	0.024549634077	0.0153026978416	0.0184959969372	0.0132894601272	0.00898271239916
Bacteria;Firmicutes;Negativicutes;Selenomonadales;Veillonellaceae	0.0244320948196	0.0227467169484	0.022569253059	0.0242152076305	0.0247293188384	0.036543466299	0.025353433306	0.0249100162516	0.0231746215061	0.0152125769758	0.0229556437426	0.0267478435048	0.0251216951113	0.0229757534903	0.025522223826	0.0246779001864	0.0125566823148	0.0326906517185	0.0119215045729	0.0118314729349	0.0229950542798	0.0222569367962	0.0251224005502	0.0228242512827	0.0136597055968	0.0254887703237	0.0128512290506	0.0240068917222	0.0260227808769	0.0262519116686	0.0242397616332	0.0121197711647	0.0244292377755	0.0237016734384	0.0128696124381	0.0167841945895	0.0148879419197	0.0151727494819	0.025638979017	0.0256517480588	0.0243226247229	0.0244251678251	0.0120780008737	0.0132614276696	0.0347617010526	0.0247988897329	0.0269787753309	0.0129454555941	0.0227338242891	0.0236113099926	0.0156974582964	0.0156473784024
Bacteria;Fusobacteria;Fusobacteriia;Fusobacteriales;Fusobacteriaceae	0.0188500790064	0.0180295931163	0.0	0.0107354253897	0.000882694462554	0.000823452075126	0.00890529452533	0.000424747421976	0.010588266272	0.00183497923596	0.0181432071612	0.0180535428301	0.000512036949643	0.000655609321542	0.0	0.0	0.000783186820538	0.0	0.00082098642209	0.00153985155141	0.0101968352796	0.00984667237345	0.0103118423421	0.00924439911234	0.0012367200084	0.000599736073167	0.00174032786618	0.00995014192386	0.000337620235635	0.00046588422175	0.000542844511141	0.00177211457018	0.000195872268383	0.00914518718639	0.000613229792629	0.0055025195312	0.00221984015094	0.00116580851185	0.0	0.0100050571245	0.0165560520524	0.020232472922	0.0	0.00050903372082	0.000291066960969	0.0249913173139	0.0103932455775	0.000424442076143	0.0193205403098	0.0162940875891	0.0	0.00802536330731
Bacteria;Kiritimatiellaeota;Kiritimatiellae;WCHB1-41;metagenome	0.000578553869223	0.00031284811196	0.00119233309985	0.0	0.0013972111403	0.0	0.0	0.000924132834118	0.0	0.00065900895855	0.0	0.0	0.00138997424269	0.00101797314742	0.00122421710641	0.00128757536662	0.000638052055775	0.000877299714853	0.000719322039317	0.0	0.0	0.0	0.0	0.0	0.000592134622763	0.00127066411443	0.000385000507796	0.00020713371331	0.0014579961983	0.001140686024	0.00127004129499	0.000650123548711	0.00108342939656	0.0	0.000613229792629	0.0	0.0	0.000194948367397	0.00103404383503	0.0	0.0	0.000222848285855	0.0	0.0	0.000466604972546	0.0	0.0	0.000709954460486	0.0	0.000491524493902	0.0	0.0
Bacteria;Kiritimatiellaeota;Kiritimatiellae;WCHB1-41;uncultured bacterium	0.000768557543244	0.0	0.0032362590685	0.000370170774506	0.00369144397396	0.0	0.0	0.00313079259906	0.0	0.0034962535638	0.000221290910627	0.0	0.00331378599774	0.00275687501764	0.00433626967393	0.00486378153084	0.00368687562246	0.001791484252	0.00379764509976	0.0036374630232	0.0	0.000469085335693	0.0	0.000149418682755	0.0035346545946	0.00544061090073	0.00306096750758	0.0	0.00532274957835	0.0047196008166	0.00504889456524	0.00321474290963	0.00457510574044	0.000169906968865	0.0037167868084	0.00297380251954	0.00400794525301	0.00357359925282	0.0036860486727	0.00035283107247	0.00120942848406	0.0	0.0	0.00312637180677	0.0010593075519	0.000900321976157	0.0	0.00385295313632	0.0	0.000604163357746	0.0	0.0
Bacteria;Kiritimatiellaeota;Kiritimatiellae;WCHB1-41;uncultured rumen bacterium	0.00359227917786	0.00150398601344	0.0108950406476	0.000767438628231	0.0117808996701	0.00167659483272	0.00155958245944	0.0118162376605	0.000877059774172	0.0131189442659	0.00205529763909	0.000682564001179	0.0113824053284	0.0108157242451	0.0126874847968	0.0130299451811	0.0118652016785	0.00996751276101	0.0138252594299	0.0168701527757	0.000515005291852	0.001051011769	0.00424318526189	0.00169261586248	0.0119782351135	0.0142669368927	0.0124659949808	0.00124914181128	0.0121461132964	0.0131600296902	0.0128218442344	0.0123082562004	0.0111449056291	0.00266671968457	0.0135319144178	0.0229153608123	0.015278791858	0.0126191304934	0.0123850679973	0.00311373560958	0.00298153497303	0.00318687681265	0.00409691833087	0.0141636941676	0.0050444521143	0.0040243350734	0.00287428266958	0.0115096084672	0.00213450447059	0.00294796774239	0.0	0.0
Bacteria;Lentisphaerae;Lentisphaeria;Victivallales;Victivallaceae	0.00320748066658	0.00371794953216	0.0028069406127	0.00268405965683	0.00354452928214	0.000533523560974	0.000572067918524	0.00370034684269	0.00212192303348	0.00407124539729	0.0047777733037	0.00391676423282	0.00318000639249	0.0044494714152	0.00398781316179	0.00327853578687	0.00357714833121	0.00253827338484	0.00361809000433	0.00411738982124	0.00131148118189	0.00224062211825	0.00273783910582	0.00201039027103	0.00366571985868	0.00316374651312	0.00311340593291	0.00193084014044	0.00361332081903	0.00332925134421	0.0034428994835	0.00324758291789	0.0026998650004	0.00266743145184	0.00340268339971	0.00394668310657	0.00417174610997	0.00319911103791	0.00348414176587	0.00230509232527	0.00373785801473	0.00509913779353	0.0	0.00382202303953	0.0033834636331	0.00441795972143	0.00325830853374	0.00337943757931	0.00383493638264	0.00377638008744	0.00395524306669	0.00365281847853
Bacteria;Lentisphaerae;Lentisphaeria;Victivallales;vadinBE97	0.00133826986436	0.000991697230102	0.00392976594518	0.000980089019147	0.00429400056004	0.00242586306599	0.00207128039466	0.00342128791313	0.00158841020806	0.00329795627728	0.0	0.000885316526662	0.00402104221458	0.00392446714935	0.00471244206965	0.00511453987955	0.00394245521106	0.00518668716238	0.00317615930886	0.00449605413867	0.00146945631339	0.00113710666172	0.00280706677046	0.00205834494651	0.00321049306333	0.00572243801293	0.00448840774647	0.000811405953	0.00522828822728	0.00326885625245	0.0044405691261	0.00317260355662	0.00433049025969	0.00299515489986	0.00397826357479	0.00404689191337	0.00432356788995	0.00272531318999	0.00448972231334	0.00314027187663	0.00070053411611	0.00198227974311	0.0	0.00542387267528	0.00310986500991	0.00130257293501	0.00320599262036	0.00272322049363	0.000393118508385	0.00103109061646	0.0	0.0
Bacteria;Lentisphaerae;Oligosphaeria;Oligosphaerales;Oligosphaeraceae	0.000379857997569	0.0	0.00240273036524	0.0	0.000513451059017	0.0	0.0	0.00261827839992	0.0	0.000498584403415	0.000221290910627	0.0	0.00250012645833	0.00280308407079	0.00155093217953	0.00252026882882	0.000973443346166	0.00136281064659	0.00191052074494	0.00187959930767	0.0	0.0	0.000404411912531	0.000251295976228	0.00199362814794	0.00113061744329	0.000929659445352	0.0	0.00274852489016	0.00078071462185	0.00270109113948	0.000817898295184	0.00201200002548	0.000169906968865	0.00211496985373	0.000197484812899	0.00196792146413	0.00111853412401	0.00282513085775	0.00035283107247	0.0	0.0	0.0	0.0017533336741	0.0	0.000402250958854	0.0	0.0	0.000243730201712	0.0	0.0	0.0
Bacteria;Patescibacteria;Gracilibacteria;Absconditabacteriales (SR1);uncultured rumen bacterium	0.000714044619948	0.0	0.000300022227514	0.000185085387253	0.000206013541826	0.000988908332587	0.000286033959262	0.000159987773355	0.000555699959659	0.0	0.0	0.0	0.0	0.000333201743192	0.000262667840348	0.000565354822299	0.0	0.000877299714853	0.0	0.0	0.000420250157298	0.0	0.000404411912531	0.0	0.0	0.000373092964973	0.0	0.00020713371331	0.0	0.000851929013811	0.000359764201401	0.0	0.000324690214215	0.000657286026229	0.0	0.000734147166206	0.0	0.0	0.0	0.0	0.000479024546199	0.0	0.0	0.0	0.00133219554557	0.000625604401036	0.0	0.0	0.0	0.000778340595743	0.0	0.0
Bacteria;Patescibacteria;Saccharimonadia;Saccharimonadales;Saccharimonadaceae	0.00317297473289	0.00184796251254	0.00384956939509	0.003210081801	0.00416778336258	0.0094373334482	0.00206799755948	0.00470446849641	0.00379257494953	0.00493318541352	0.00155820440193	0.00302605992914	0.00414350712685	0.00478771589909	0.00498700934182	0.0047920420996	0.00384365649308	0.00464636307138	0.00552737830128	0.0037231941778	0.00143305521983	0.00371514926721	0.00359022825579	0.0029274184334	0.00417660285824	0.00490639496429	0.00415708128207	0.0036223839214	0.00346011955548	0.00384198835711	0.00363015256384	0.00440419011927	0.0042361200568	0.00286232670664	0.00277368286902	0.0114595198633	0.00722387169627	0.00547287798962	0.00470380385532	0.00192598725146	0.00196138179232	0.00258681316246	0.0067319579812	0.00352214129685	0.00793118884902	0.000804501917708	0.00321862059946	0.00866879795343	0.00213152559743	0.00358049806898	0.0203259119169	0.019290851743
Bacteria;Patescibacteria;Saccharimonadia;Saccharimonadales;uncultured bacterium	0.0	0.0	0.0	0.000185085387253	0.000206013541826	0.0	0.0	0.0	0.0	0.0	0.0	0.0	0.000256018474822	0.000253221754484	0.000154984411843	0.000171576498713	0.0	0.0	0.000209737495068	0.0	0.0	0.0	0.0	0.0	0.0	0.000169474730367	0.000295845139063	0.0	0.0	0.0	0.0	0.0	0.0	0.0	0.0	0.0	0.0	0.0	0.0	0.0	0.000302798583811	0.0	0.0	0.0	0.000291066960969	0.000402250958854	0.0	0.000533963171598	0.0	0.0	0.0	0.0
Bacteria;Planctomycetes;Planctomycetacia;Pirellulales;Pirellulaceae	0.000230489600726	0.0	0.000519222040499	0.0	0.000513451059017	0.0	0.0	0.0	0.0	0.00136130940742	0.0	0.0	0.0	0.000149165812575	0.000788013412509	0.00116989970225	0.00175039315266	0.000349923867221	0.000648136849777	0.0	0.0	0.0	0.000311053910097	0.0	0.00115666516348	0.00135737818189	0.00143954527768	0.0	0.00141979159332	0.000753603583722	0.00103909765941	0.000264346093717	0.000391744536766	0.0	0.000879813931518	0.000734147166206	0.00068583470892	0.000802754580638	0.0	0.0	0.00070053411611	0.0	0.0	0.0	0.0	0.0	0.0	0.00241592478542	0.0	0.0	0.0	0.0
Bacteria;Planctomycetes;Planctomycetacia;Planctomycetales;uncultured	0.0	0.0	0.0	0.000306853340528	0.0	0.0	0.0	0.000424747421976	0.0	0.000387631652849	0.0	0.000682564001179	0.0	0.0	0.0	0.0004518460685	0.0	0.000684907453635	0.000209737495068	0.000814335660988	0.0	0.0	0.0	0.0	0.0	0.0	0.000567429972156	0.0	0.000634882370813	0.0	0.0	0.0	0.0	0.0	0.0	0.0	0.000792865157585	0.000491792449057	0.0	0.0	0.0	0.0	0.0	0.00111437797453	0.0	0.0	0.0	0.000659433564259	0.0	0.000317787753781	0.0	0.0
Bacteria;Proteobacteria;Alphaproteobacteria;Rhizobiales;Rhizobiaceae	0.0	0.0	0.0	0.0	0.0	0.0	0.0	0.0	0.000321359814514	0.0	0.0	0.0	0.0	0.0	0.0	0.0	0.0	0.0	0.0	0.0	0.0	0.000396224110228	0.0	0.0	0.0	0.0	0.0	0.0	0.0	0.0	0.0	0.0	0.0	0.0	0.0	0.0	0.0	0.0	0.0	0.0	0.0	0.0	0.0	0.0	0.0	0.0	0.0	0.0	0.0	0.0	0.0	0.00352944758478
Bacteria;Proteobacteria;Alphaproteobacteria;Rhodospirillales;uncultured	0.00162599056702	0.00207850028624	0.00742036404649	0.00702651611224	0.00777266209862	0.0127820531249	0.00569339982687	0.00776099300166	0.00565103951622	0.004541839714	0.0010351491886	0.000442658263331	0.00724365765622	0.00775342112594	0.00958768280811	0.0084802115685	0.00449037413474	0.0115692072523	0.00464433686554	0.0060708070505	0.00627967211592	0.00602048199019	0.00580901673705	0.00559560983863	0.00432570098507	0.00952637523051	0.00526240191801	0.00607789125158	0.00913134724049	0.009156042636	0.00888219288337	0.00438347024635	0.0084041170698	0.00619540864441	0.00418283454895	0.00726849600464	0.00517014358291	0.00424736853251	0.00686706541235	0.00689510762722	0.00070053411611	0.00147654422622	0.0	0.00493737342067	0.00292815986116	0.00102785535989	0.00705089011145	0.00725151212619	0.000880578911809	0.00066044585351	0.0	0.0
Bacteria;Proteobacteria;Alphaproteobacteria;Rickettsiales;Mitochondria	0.0	0.0	0.00018087972923	0.0	0.0	0.000542690809228	0.0	0.000159987773355	0.0	0.000822919093758	0.0	0.0	0.0	0.000149165812575	0.000262667840348	0.0	0.000202013021119	0.000877299714853	0.000577590521028	0.000814335660988	0.000257502645926	0.0	0.0	0.0	0.000468367300637	0.0	0.00051619702787	0.0	0.000337620235635	0.0	0.0	0.0	0.0	0.0	0.000613229792629	0.0	0.000348988272549	0.000416549309734	0.0	0.0	0.0	0.0	0.00672389911306	0.0	0.000899963753825	0.0	0.0	0.001181944963	0.0	0.0	0.00573644453398	0.0
Bacteria;Proteobacteria;Alphaproteobacteria;Sphingomonadales;Sphingomonadaceae	0.0	0.0	0.000300022227514	0.0	0.0	0.0	0.0	0.0	0.0	0.0	0.000221290910627	0.0	0.0	0.0	0.0	0.000171576498713	0.0	0.0	0.0	0.0	0.0	0.000305109550617	0.0	0.000149418682755	0.0	0.0	0.000177313704188	0.0	0.0	0.0	0.000299872132263	0.0	0.0	0.0	0.0	0.000579701634074	0.0	0.0	0.0	0.0	0.0	0.0	0.0	0.0	0.0	0.0	0.0	0.0	0.0	0.0	0.0	0.0
Bacteria;Proteobacteria;Deltaproteobacteria;Bradymonadales;uncultured bacterium	0.000379857997569	0.000808712369417	0.00220358275774	0.000627594278218	0.00252257226032	0.00130584708069	0.000670299541264	0.00216257622696	0.0	0.0	0.000963693707516	0.000682564001179	0.00270758342621	0.0021240255229	0.00207023406687	0.00210769193652	0.0	0.00194477474603	0.0	0.0	0.000539528462168	0.000581926433309	0.000641898357255	0.000328674831976	0.0	0.00223919708553	0.0	0.00020713371331	0.00227047548021	0.00265770128032	0.00196058449855	0.0	0.00227955068758	0.00036830373649	0.0	0.0	0.0	0.0	0.0022305802727	0.000715064649403	0.0	0.000627796795858	0.0	0.0	0.00255172344295	0.000781021171222	0.000684294724146	0.000601592406449	0.000655461211539	0.000742827164456	0.0	0.0
Bacteria;Proteobacteria;Deltaproteobacteria;Desulfobacterales;Desulfobulbaceae	0.000230489600726	0.0	0.000600044455028	0.000837509688288	0.000676680920728	0.00283087369414	0.00107434759412	0.00124905891147	0.000555699959659	0.000586368298201	0.000465634265612	0.0	0.000966451847404	0.00112422745429	0.00112050510091	0.000861358435421	0.000202013021119	0.00254781588677	0.000438399354708	0.0	0.000711583673899	0.000579708146173	0.00126262057842	0.00103842649025	0.0	0.0012840637521	0.000385000507796	0.000643361060488	0.0011492487539	0.00046588422175	0.00129037897622	0.000650123548711	0.00124215037467	0.000886747374897	0.0	0.000431225011397	0.000895989385496	0.000416549309734	0.00117797288883	0.00097409667217	0.000603831316437	0.000687698561421	0.0	0.00050903372082	0.00204176067859	0.000402250958854	0.000349170064731	0.00149117055835	0.000899191413251	0.000828245448339	0.0	0.0
Bacteria;Proteobacteria;Deltaproteobacteria;Desulfovibrionales;Desulfovibrionaceae	0.00630708249822	0.00693368399018	0.00666503894464	0.00694143894043	0.006528621275	0.004327469836	0.0091421331072	0.00591420185176	0.00766559463254	0.00901110906507	0.00737004059624	0.00657653015486	0.00799941886933	0.00526308821895	0.0054736941249	0.00522152926441	0.00779888930371	0.00301800098207	0.00881040845685	0.0116228148649	0.00781617256856	0.00742221129332	0.00846849891067	0.00948864676203	0.00844798875245	0.00506498121046	0.00767912268545	0.00916282348682	0.00546089232536	0.00583716777396	0.0057681758961	0.010193084937	0.00598097151333	0.0091562219676	0.0102257534565	0.00509215700622	0.00992853894649	0.00827019014941	0.00525348924797	0.00860407279943	0.0069025027768	0.00743072256499	0.00409285385824	0.00990248156898	0.00433640528662	0.00630898307142	0.00938084889657	0.00349433241225	0.00721988560418	0.00650450382129	0.00566039292122	0.00810630426021
Bacteria;Proteobacteria;Gammaproteobacteria;Aeromonadales;Succinivibrionaceae	0.0254298515755	0.0209772167424	0.0251341117642	0.0239203351576	0.0299800574275	0.045978930863	0.023104207921	0.0289629503249	0.023979032168	0.0149863833325	0.0243433211947	0.0253979060405	0.0266383223352	0.0267062920667	0.0294708568968	0.0326934590296	0.0132605817843	0.0425919131698	0.0123071149106	0.0113333233027	0.0255906924294	0.0213363983386	0.0206233709636	0.0186627962055	0.0148763931003	0.0317977698042	0.0142083219364	0.0233001299407	0.0330166695332	0.0363031208638	0.0286986781388	0.0109709778408	0.0351394013548	0.0207381133623	0.0116202732044	0.0199908591891	0.015308837206	0.0138435037199	0.0285332603252	0.0231872846779	0.0237787724874	0.0229350371011	0.00664324035455	0.0137693198696	0.0430305923156	0.0229276603659	0.0247123107978	0.0293393200503	0.0224461257013	0.0206094154604	0.0161629249227	0.0184151972442
Bacteria;Proteobacteria;Gammaproteobacteria;Alteromonadales;Pseudoalteromonadaceae	0.000721046170206	0.00062569622392	0.000300022227514	0.00168467813785	0.000412027083651	0.000694147581278	0.000670299541264	0.000159987773355	0.0	0.000236796836504	0.00106590124764	0.000885316526662	0.000418587129641	0.0	0.000417652252192	0.000550818106431	0.000335391290391	0.000547039184951	0.000438399354708	0.000814335660988	0.000420250157298	0.000366968071889	0.000976962345604	0.000328674831976	0.0	0.000958212181473	0.000811128010476	0.00020713371331	0.000514366383087	0.00078071462185	0.00067525219554	0.0	0.00071643475098	0.000651505902739	0.000395614313039	0.000579701634074	0.0	0.000584845102191	0.000644014810502	0.000427777682218	0.000479024546199	0.000910546847276	0.0	0.0	0.000982255903529	0.0	0.0016859962799	0.000212221038071	0.000393118508385	0.000507828387357	0.00441295075085	0.00214222214719
Bacteria;Proteobacteria;Gammaproteobacteria;Betaproteobacteriales;Burkholderiaceae	0.000951535770932	0.00260915325375	0.0029185653747	0.00752559381564	0.00262650525973	0.00337413602757	0.00892713981901	0.0022187143324	0.00677332606245	0.00338480287322	0.00193158249045	0.00265583733463	0.000256018474822	0.00236054741718	0.00166901153725	0.00246134660351	0.00355783014613	0.00245917022066	0.0016735084214	0.00134372443757	0.00643746633367	0.0057805140258	0.00849187631917	0.00701750078142	0.00199418744633	0.00240920370991	0.00159778726722	0.00706715282609	0.00304940277083	0.00194418925128	0.0020845963123	0.00152292982658	0.00150597638448	0.00748587614883	0.00482695014148	0.00396369449852	0.00168885454308	0.00122299535426	0.00244898756473	0.00921652459747	0.000302798583811	0.00160655049127	0.0	0.00361223688315	0.0	0.000781021171222	0.00646417229718	0.00177322800105	0.0018348167367	0.00241892979268	0.0	0.00365281847853
Bacteria;Proteobacteria;Gammaproteobacteria;Betaproteobacteriales;Hydrogenophilaceae	0.000714044619948	0.0	0.00018087972923	0.000703913505863	0.0	0.0	0.000812339626945	0.0	0.000699274555628	0.000498584403415	0.000547516023926	0.0	0.0	0.0	0.000262667840348	0.0	0.0	0.0	0.000438399354708	0.000529388776578	0.000633728378671	0.000668021326029	0.000595049424082	0.000650498996026	0.0	0.0	0.0	0.000811405953	0.000436069541293	0.0	0.000299872132263	0.000431264699897	0.0	0.000493412359819	0.0	0.000197484812899	0.000547001112947	0.000194948367397	0.000181821836335	0.000537895796786	0.000846201874083	0.000366698260466	0.0	0.0	0.0	0.0	0.000546288952644	0.0	0.000766023234611	0.000742827164456	0.0	0.0
Bacteria;Proteobacteria;Gammaproteobacteria;Betaproteobacteriales;Neisseriaceae	0.00280917489837	0.00422789195465	0.00217483471822	0.00104364667102	0.00239188675938	0.00289668756401	0.00120274358028	0.00215598903163	0.000737885932103	0.00321600120968	0.0033589725953	0.00309292074535	0.00188918326904	0.00232291487999	0.00180307550163	0.0023420410969	0.00211570003252	0.00303037089199	0.00242691142031	0.00153985155141	0.00157496021987	0.00181308846959	0.000808823825063	0.00084414379401	0.00219320145137	0.00192322646909	0.00288708440153	0.00062140113993	0.00229520079867	0.00207903064569	0.00171721863473	0.00230512579372	0.00123215095305	0.00136644985503	0.00281212619986	0.000197484812899	0.0017027541786	0.00247677690041	0.00209411110657	0.00056671991358	0.00380484064106	0.00370719337954	0.0	0.00267952983041	0.00683015137908	0.0034401441231	0.000949804427395	0.00374444134966	0.00285108986794	0.00328436311144	0.0	0.0
Bacteria;Proteobacteria;Gammaproteobacteria;Enterobacteriales;Enterobacteriaceae	0.0431867269246	0.0424296810517	0.00853544338626	0.0365173141253	0.00400898272297	0.0	0.031992271982	0.00503765897037	0.030223141379	0.0125121018461	0.0384588465462	0.0331597097245	0.00585493920632	0.00790786590703	0.00536028848417	0.0064707637792	0.0125951806979	0.000349923867221	0.0163584229577	0.00904020244024	0.0351735189287	0.0306625084388	0.0295495201616	0.0320394261195	0.0152369511249	0.00611907240241	0.0139950924314	0.0318188245943	0.0104618565064	0.00721041257382	0.00723368541352	0.00805116567846	0.00754048448372	0.0290012345962	0.00987051499362	0.0204170622815	0.0142826079102	0.0131860015597	0.00457341338973	0.0276786573849	0.0391143819331	0.0321949183789	0.00336194955653	0.0144341500407	0.00069118894256	0.0251533559409	0.0291179292176	0.0	0.0365302380041	0.0374301770852	0.0118276334933	0.0223149082383
Bacteria;Proteobacteria;Gammaproteobacteria;Methylococcales;Methylomonaceae	0.0	0.0	0.0	0.0	0.0	0.0	0.0	0.0	0.0	0.000387631652849	0.0	0.0	0.0	0.0	0.0	0.0	0.000435128320216	0.0	0.0	0.0	0.0	0.0	0.0	0.0	0.000468367300637	0.0	0.000567429972156	0.0	0.0	0.0	0.0	0.0	0.0	0.0	0.0	0.0	0.0	0.0	0.0	0.0	0.0	0.0	0.0	0.0	0.0	0.0	0.0	0.0	0.0	0.0	0.0	0.0
Bacteria;Proteobacteria;Gammaproteobacteria;Oceanospirillales;Halomonadaceae	0.0	0.0	0.00018087972923	0.000185085387253	0.0	0.000266761780487	0.0	0.0	0.0	0.0	0.0	0.0	0.0	0.000149165812575	0.000154984411843	0.000171576498713	0.0	0.0	0.0	0.0	0.0	0.0	0.000186726462219	0.0	0.0	0.0	0.0	0.0	0.0	0.0	0.0001324076844	0.0	0.0	0.0	0.0	0.000197484812899	0.0	0.0	0.0	0.0	0.0	0.0	0.00131751982517	0.0	0.0	0.0	0.0	0.0	0.0	0.0	0.0	0.0
Bacteria;Proteobacteria;Gammaproteobacteria;Oceanospirillales;SS1-B-06-26	0.000816947097075	0.000878289789517	0.0	0.0	0.0	0.0	0.0	0.0	0.0	0.0	0.0	0.0	0.0	0.0	0.0	0.0	0.0	0.0	0.0	0.0	0.0	0.0	0.0	0.0	0.0	0.0	0.0	0.0	0.0	0.0	0.0	0.0	0.0	0.0	0.0	0.0	0.0	0.0	0.0	0.0	0.0	0.0	0.0	0.0	0.0	0.0	0.0	0.0	0.0	0.0	0.0	0.0
Bacteria;Proteobacteria;Gammaproteobacteria;Pasteurellales;Pasteurellaceae	0.00477876116768	0.00553106076502	0.000750777153658	0.0117461572043	0.00105780506121	0.0015175996564	0.0152256333578	0.00163846349696	0.00978699900573	0.00441297283929	0.00634933262041	0.00902097207171	0.000256018474822	0.00243657902669	0.00160217985721	0.000794999065926	0.00388993734505	0.000684907453635	0.00298406342638	0.003489297703	0.0100836893269	0.00923253641093	0.0141912477294	0.0116458052935	0.00731857585429	0.00135554723903	0.00473245738343	0.0107047191818	0.00256889146358	0.00177145717389	0.00138728608274	0.00243907341495	0.00126517549789	0.0130918316212	0.00429768141163	0.00826657227678	0.00402373289523	0.00449531357091	0.00162823250474	0.0136264693837	0.00485495343256	0.00726255750348	0.0	0.00517151202083	0.0	0.00832975902204	0.0131495919423	0.00129609667847	0.00665954919665	0.00493756532211	0.0035562517012	0.00411962319198
Bacteria;Proteobacteria;Gammaproteobacteria;Pseudomonadales;Moraxellaceae	0.00813992944684	0.00695442582001	0.00283151131394	0.00557161389954	0.0024500189968	0.00407265862664	0.00457178117436	0.00238413400836	0.00546309589076	0.00497013842041	0.00674447488029	0.00629314804968	0.00295599807572	0.00182474898649	0.00239642489237	0.00324302737931	0.00558623957949	0.00488164839685	0.00190858907136	0.00398285853437	0.00636778958748	0.00235251252138	0.0059106778763	0.00259755315749	0.0067561502	0.0033967416633	0.00544263640231	0.00198079402596	0.00316292122757	0.0037143774541	0.0033602653571	0.00409838191785	0.00316817124631	0.00745906306357	0.00355438616664	0.00304432174114	0.00295049874301	0.00344013586685	0.00201899766999	0.00741587524154	0.00677925234998	0.00661453243011	0.00936699763153	0.00355397704368	0.00462520887694	0.00721467412071	0.0061198343673	0.0041095283048	0.00949400702278	0.00216491573458	0.0112763991015	0.0224979674325
Bacteria;Proteobacteria;Gammaproteobacteria;Pseudomonadales;Pseudomonadaceae	0.0118011010117	0.0112542728404	0.000480901956744	0.00114730069351	0.000436017834914	0.0	0.00349625777124	0.000482714740883	0.00523856314002	0.0069397606352	0.00799687547944	0.00973533892335	0.0	0.000398188497127	0.000262667840348	0.000514729496139	0.00938402918172	0.0	0.000419474990137	0.0	0.000840500314597	0.00181866587724	0.00183654615317	0.00332590494072	0.00447733399655	0.0	0.0109875829852	0.00194311098611	0.000436069541293	0.0	0.0001324076844	0.000650123548711	0.0	0.00226388806991	0.010570225026	0.00145759047075	0.000895989385496	0.000611497677131	0.000724298466255	0.00151821430425	0.00668413582341	0.00881882023393	0.00448087083989	0.00419153755115	0.00111697184975	0.00856993556003	0.000698340129463	0.00081381344452	0.0078279439962	0.00660297835279	0.0056394228074	0.00997766813486
Bacteria;Proteobacteria;Gammaproteobacteria;Vibrionales;Vibrionaceae	0.00238093929501	0.00187708867176	0.000300022227514	0.000555256161759	0.000338340460364	0.000266761780487	0.000862357186577	0.000541771480556	0.00139961262678	0.000775263305698	0.00273442494254	0.00183996326733	0.000793968708557	0.000547354309701	0.000468707046315	0.000840207408343	0.0012979888555	0.000547039184951	0.000629212485205	0.0	0.000797031108094	0.000701333660845	0.000560179386657	0.00097625162506	0.00105745284506	0.00130009217365	0.000946317686502	0.000862716957824	0.000978505807424	0.00145054628742	0.00109120467464	0.000431264699897	0.000587616805149	0.00104294446408	0.00118684293912	0.000725612773553	0.000348988272549	0.000711974388562	0.000754238959297	0.00135673117273	0.00188027235651	0.00157913743138	0.00187070856512	0.00050903372082	0.0	0.00224681392937	0.00148887739199	0.000350152512382	0.0016061282077	0.00199351007638	0.00294196716723	0.00367271457869
Bacteria;Spirochaetes;Spirochaetia;Spirochaetales;Spirochaetaceae	0.0103827792929	0.00924844717058	0.0334660044026	0.0167579608111	0.030981783326	0.0243321315303	0.0135982223371	0.0324915233817	0.0176701899626	0.02656608958	0.00850472525025	0.00992518323306	0.0340124317458	0.033561763059	0.0319499002466	0.0348215371805	0.0253288727828	0.0306645568634	0.0278723796188	0.0313437601773	0.0168195260981	0.0167243638925	0.0171269503764	0.0175638210414	0.0298429264585	0.0342603419183	0.02677533874	0.0158077229691	0.0345439178923	0.0353423313164	0.0320454071562	0.0289666666505	0.0313899515611	0.01853331153	0.027109519114	0.0208196594848	0.0303737960295	0.0270262713927	0.0345987448047	0.0163096735212	0.0103427101129	0.0108815672533	0.00325949681549	0.0290090876471	0.0237376052556	0.0078386677998	0.0164572526801	0.030013693603	0.00814125489178	0.010426959571	0.00147098358362	0.00395608327784
Bacteria;Synergistetes;Synergistia;Synergistales;Synergistaceae	0.0113710015144	0.0120926432108	0.00954461419249	0.011184532766	0.0101828675995	0.0107784378571	0.00834909560808	0.0094044577	0.0108472820729	0.00948493706278	0.011338426366	0.0125368707282	0.0102656853165	0.00882236645061	0.00868842009414	0.00878113108119	0.00836143485323	0.00885952225866	0.0100897749822	0.00999427591215	0.00985633065423	0.00890600454455	0.00963169622298	0.00915075160486	0.00754284548952	0.00999383335377	0.011242622591	0.00945943245444	0.00906724219977	0.00936818551797	0.0111532987725	0.00874779553458	0.00767307998883	0.0103381855671	0.00866610683422	0.00688394327371	0.00881481030578	0.0100174967676	0.0101440881981	0.00952312157456	0.0123190567457	0.0111029408583	0.00548949074541	0.0107648371175	0.0134723083817	0.0110310470949	0.0115836581065	0.00964429490284	0.0109331492033	0.0119343378325	0.00804798017961	0.00253140192444
Bacteria;Tenericutes;Mollicutes;Anaeroplasmatales;Anaeroplasmataceae	0.0	0.0	0.000653598815338	0.00039773577817	0.000436017834914	0.0	0.0	0.0	0.0	0.0	0.000221290910627	0.0	0.000537950233736	0.000643166382973	0.000154984411843	0.000861358435421	0.0	0.0	0.000209737495068	0.0	0.0	0.000366968071889	0.0	0.000251295976228	0.000294542772209	0.000503560429489	0.0	0.00020713371331	0.0	0.0	0.0004921718858	0.0	0.0	0.0	0.0	0.000197484812899	0.0	0.000389896734794	0.00036364367267	0.000213888841109	0.0	0.0	0.0	0.0	0.000291066960969	0.0	0.0	0.0	0.0	0.000317787753781	0.0	0.0
Bacteria;Tenericutes;Mollicutes;Izimaplasmatales;gut metagenome	0.00230782327657	0.00244049683659	0.00108910228433	0.00219266392159	0.00116472908826	0.0	0.00220660157172	0.00102190201404	0.00203047641524	0.00108457192396	0.00231108533449	0.00257468394327	0.00116722799767	0.00129288929305	0.00122421710641	0.00111351454528	0.00123338332512	0.000684907453635	0.00121411217735	0.00101046277483	0.00238478629676	0.00222358567304	0.00191840106934	0.00193476338937	0.00141785149972	0.000969044407652	0.00114734169593	0.0021785549651	0.00121225843643	0.000851929013811	0.000739225527144	0.00124632303717	0.000917222078985	0.00194962132261	0.00136660174552	0.0016481364264	0.0014008033143	0.00127039313366	0.000993026762906	0.00221095567823	0.00245067221914	0.00224668773673	0.0	0.00171524070213	0.000291066960969	0.00274284469888	0.00228105758036	0.0	0.0022111313452	0.00230213492713	0.0	0.0
Bacteria;Tenericutes;Mollicutes;Izimaplasmatales;unidentified rumen bacterium RFN82	0.0	0.0	0.00133726366706	0.000844591111706	0.00130721976882	0.0	0.000812339626945	0.0014813842237	0.000699274555628	0.000236796836504	0.0	0.0	0.00130197456336	0.00146714346375	0.00142521166547	0.0013547733928	0.000335391290391	0.0	0.0	0.0	0.000932922285655	0.000822211295855	0.0	0.000488463853685	0.0	0.0013772986356	0.0	0.000441550390829	0.00136999533367	0.00160815645959	0.0012485140081	0.0	0.0013209024333	0.000283202166249	0.0	0.000775011238624	0.0	0.0	0.00129607546684	0.0	0.0	0.0	0.00131751982517	0.0	0.0	0.0	0.000684294724146	0.0	0.0	0.000190040633576	0.0	0.0
Bacteria;Tenericutes;Mollicutes;Mollicutes RF39;gut metagenome	0.0	0.0	0.0	0.000627594278218	0.000513451059017	0.00125083787592	0.000670299541264	0.000159987773355	0.0	0.0	0.0	0.0	0.0	0.000149165812575	0.000412300969886	0.0	0.0	0.00101288677937	0.0	0.0	0.000711583673899	0.000668021326029	0.0	0.000594997355227	0.0	0.000503560429489	0.0	0.000736358877451	0.000634882370813	0.0	0.000299872132263	0.000431264699897	0.000616075476523	0.0	0.0	0.0	0.0	0.0	0.000181821836335	0.000213888841109	0.0	0.0	0.0	0.0	0.0	0.0	0.000349170064731	0.000350152512382	0.0	0.0	0.0	0.0
Bacteria;Tenericutes;Mollicutes;Mollicutes RF39;uncultured bacterium	0.00153799326728	0.00031284811196	0.00537601347178	0.00201355395452	0.00502425683027	0.00537187888417	0.000747242832491	0.00536588371246	0.000581575344789	0.00558332518176	0.00166243715087	0.00112522226451	0.00432905051065	0.00669482643634	0.0049915297411	0.00493582688717	0.00543994572363	0.00674738423797	0.00449442591695	0.0080220181255	0.00202362007384	0.00236621519791	0.0014127672263	0.00270362845043	0.00526634466114	0.00532223379632	0.00522353268866	0.00143194740381	0.00406045028772	0.00338244238148	0.00295278881827	0.00591889716556	0.00470425700033	0.00170823190092	0.00468794678725	0.00156495049022	0.00413349769842	0.00533531183459	0.00247173406709	0.00176644879222	0.00235579513002	0.000668544857566	0.0	0.00515468515863	0.0036540976477	0.00189188240169	0.00191043283687	0.00515737383952	0.0011077207182	0.0017456274204	0.0	0.00214222214719
Bacteria;Tenericutes;Mollicutes;Mollicutes RF39;uncultured rumen bacterium	0.00133826986436	0.00072640203116	0.00414805027804	0.000370170774506	0.00249485835706	0.00189063350526	0.000455500747794	0.00390863395904	0.0	0.00516294079246	0.000583399339811	0.000885316526662	0.00348259594269	0.00417629564183	0.0043555827584	0.00474501930498	0.00620483546315	0.0028855626219	0.00497661993353	0.00502438396121	0.000677752803224	0.000366968071889	0.0	0.00077693088024	0.00571966503078	0.00398536933455	0.00579839646058	0.00085581781745	0.00324897065309	0.00297590238482	0.0039174171639	0.00499653697641	0.00382678923566	0.000169906968865	0.00585090930901	0.00137086336424	0.00641352620081	0.00576083273832	0.00279455762837	0.0	0.000906629900248	0.00106270190446	0.00222620976575	0.00514758236252	0.0028950795878	0.000402250958854	0.000546288952644	0.00708565274481	0.000243730201712	0.000681565127478	0.0	0.00323070462642
Bacteria;Verrucomicrobia;Verrucomicrobiae;Opitutales;Puniceicoccaceae	0.000379857997569	0.00062569622392	0.000889586521289	0.0012088214978	0.000577648725299	0.000266761780487	0.00154305924864	0.000954560609471	0.00108714338294	0.00108457192396	0.000362108429184	0.0	0.000256018474822	0.000914129328442	0.00119155054483	0.000861358435421	0.00117653266617	0.0	0.00103072391716	0.00128133439505	0.00108064771763	0.0011494910419	0.00127247663189	0.00116256957755	0.00113336106371	0.000769210803535	0.00150466636814	0.00118315120918	0.000726445808211	0.000968680961282	0.000816229616036	0.0011080308234	0.000706387713066	0.00145152754046	0.00118045872349	0.00136576109453	0.00120917063446	0.00110489421635	0.000781269357547	0.00160710563724	0.000605597167623	0.000627796795858	0.0	0.0	0.000899963753825	0.000402250958854	0.00148691232381	0.000452525261488	0.000744873780752	0.000190040633576	0.0	0.0
Bacteria;WPS-2;uncultured rumen bacterium;Other;Other	0.0	0.0	0.0	0.0	0.0	0.0	0.0	0.0	0.0	0.0	0.0	0.0	0.0	0.000398188497127	0.000154984411843	0.0	0.0	0.0	0.0	0.0	0.0	0.0	0.0	0.0	0.0	0.0	0.0	0.0	0.0	0.0	0.0001324076844	0.0	0.0	0.0	0.0	0.0	0.0	0.0	0.0	0.0	0.0	0.000222848285855	0.0	0.0	0.000771956525865	0.0	0.0	0.0	0.0	0.0	0.0	0.0