# Constructed from biom file
#OTU ID	5353	6262	6868	5757	8686	9595	8282	5959	7474	8787	4545	8585	6767	6060	7676	5252	4848	9696	5656	6464	6565	5858	5050	8181	8888	9191	4747	6666	9292	8383	5151	6363	8484	4949	7979	7373	7272	5555	7575	8989	6969	4646	7171	8080	9393	7878	9090	9494	7777	5454	7070	6161
Archaea;Euryarchaeota;Methanobacteria;Methanobacteriales;Methanobacteriaceae	71.13382	62.2105	75.3238	76.8657	70.46943	65.16908	75.93391	57.7999	88.676	66.00852	63.82052	62.3742	51.85476	57.8694	56.04288	60.1969	87.548	51.7779	101.84712	64.3867	70.08264	94.3026	101.19002	111.0955	66.30128	61.34528	93.69223	92.72743	68.77754	47.85316	78.35828	89.87604	52.08032	91.94478	76.3581	34.73642	65.3505	94.1697	74.68527	74.98217	55.0175	58.66956	35.3042	62.2275	63.53771	39.4237	79.6813	97.8611	72.65495	80.9136	16.3865	4.0384
Archaea;Euryarchaeota;Methanomicrobia;Methanomicrobiales;Methanomicrobiaceae	0.0	0.0	0.0	0.0	0.0	0.0	0.0	0.0	0.0	0.0	0.0	0.0	0.0	0.0	0.0	1.0973	0.0	0.0	0.0	0.0	0.0	1.2035	0.0	0.0	0.0	0.0	1.533	0.76619	0.0	0.0	0.0	0.0	0.0	0.0	0.0	0.0	1.0721	0.75836	0.73851	0.0	0.0	0.0	0.0	0.0	0.0	0.0	0.0	0.76536	0.0	0.0	0.0	0.0
Archaea;Euryarchaeota;Thermoplasmata;Methanomassiliicoccales;Methanomethylophilaceae	4.6719	3.585	40.58017	17.42414	36.8851	15.60132	20.22796	36.3876	20.59582	21.55614	5.84527	2.8784	25.2239	34.7058	41.28288	34.45676	22.799	14.7351	27.21698	18.8901	15.31308	23.53895	20.78094	24.83223	22.78206	39.12054	24.08109	19.6191	37.89138	27.4255	38.90508	22.56689	31.29294	24.48706	21.5429	22.3723	20.5653	24.76566	38.46961	17.06841	5.7394	5.6724	0.0	17.5981	2.2079	5.1955	18.2393	10.39956	5.59407	6.7161	0.0	0.0
Bacteria;Actinobacteria;Actinobacteria;Bifidobacteriales;Bifidobacteriaceae	4.42398	8.585	6.60317	16.75927	12.49673	18.88111	14.7298	8.15008	12.169	0.80844	7.02184	3.0074	4.04178	6.5631	5.92848	7.00784	3.1626	6.4748	3.1019	0.0	14.806	17.3536	16.7869	19.6676	0.0	1.9692	0.0	12.70117	6.69078	2.67206	6.11159	2.56029	6.79484	15.92396	2.2928	8.2253	3.2163	3.52798	8.04182	13.14431	3.6239	6.91186	0.0	1.204	13.49917	4.1373	15.4804	1.53072	10.19984	10.2362	11.1117	0.0
Bacteria;Actinobacteria;Actinobacteria;Corynebacteriales;Corynebacteriaceae	0.0	2.0	3.05887	0.0	3.84371	1.4956	0.0	3.06258	1.2268	6.27548	0.0	0.0	1.3333	2.69392	2.7926	2.59508	8.6411	4.9087	6.25018	3.0454	0.0	0.0	0.0	1.1188	5.24396	4.63162	9.33906	2.03019	0.0	2.97966	1.5726	8.85888	1.2274	0.0	8.0299	0.0	6.2111	6.26426	3.91181	0.0	1.0117	2.4063	0.0	1.851	6.33067	0.0	0.0	16.2503	3.5886	5.12298	8.3867	3.7383
Bacteria;Actinobacteria;Actinobacteria;Micrococcales;Brevibacteriaceae	0.0	0.0	0.0	0.0	0.0	0.0	0.0	0.0	0.0	0.0	0.0	0.0	0.0	0.0	0.0	0.0	0.0	0.0	0.0	0.0	0.0	0.0	0.0	0.0	0.0	0.0	0.0	0.0	0.0	0.0	0.0	0.0	0.0	0.0	1.777	0.0	0.0	0.0	0.0	0.0	0.0	0.0	4.9303	0.0	0.0	0.0	0.0	0.0	0.0	0.0	4.1294	0.0
Bacteria;Actinobacteria;Actinobacteria;Micrococcales;Intrasporangiaceae	0.0	0.0	0.0	0.0	2.5972	0.0	0.0	0.0	0.0	2.13184	0.0	0.0	0.0	0.0	0.0	0.0	1.464	0.0	4.0767	2.3996	0.0	0.0	0.0	0.0	0.0	0.0	1.178	0.0	0.0	1.4098	0.0	4.7276	0.0	0.0	3.9914	0.0	1.6804	1.6204	0.73851	0.0	0.0	0.0	0.0	1.204	0.0	0.0	0.0	5.31316	0.0	0.0	4.1294	0.0
Bacteria;Actinobacteria;Actinobacteria;Micrococcales;Microbacteriaceae	0.0	0.0	1.2224	0.0	0.0	0.0	0.0	0.0	0.0	0.0	0.0	0.0	1.3333	0.0	1.3963	0.0	0.0	0.0	0.0	1.1998	0.0	0.0	0.0	1.1188	0.0	1.1152	0.0	0.0	1.2699	0.0	0.0	0.0	0.0	0.0	0.0	0.0	0.0	0.0	0.0	0.0	0.0	0.0	5.9064	0.0	0.92977	0.0	0.0	1.53072	0.0	0.0	0.0	0.0
Bacteria;Actinobacteria;Actinobacteria;Micrococcales;Micrococcaceae	4.61634	2.0	3.3379	0.73967	2.08931	3.76612	1.94126	2.2762	1.2268	3.45524	4.9047	3.7878	5.80038	2.28814	2.9576	3.5817	2.792	1.0891	0.83388	3.4899	2.17284	2.407	4.09404	1.1188	0.97953	4.6906	4.4935	2.03019	5.5926	4.8744	4.5997	2.17749	3.25014	3.0133	2.9234	2.9367	2.7525	0.75836	4.5294	3.4365	2.0175	2.97646	8.1255	3.055	2.981	1.7478	3.8062	2.8948	2.8822	2.958	7.2744	8.6116
Bacteria;Actinobacteria;Actinobacteria;Propionibacteriales;Propionibacteriaceae	0.0	0.0	1.95937	0.0	2.46421	0.0	0.0	1.70068	0.0	6.7133	0.0	0.0	2.0142	0.0	2.31568	0.0	2.792	1.0891	4.23888	2.3996	0.0	0.0	0.0	0.0	1.95906	1.32548	2.52373	0.0	1.2699	1.4098	1.986	0.0	0.74044	0.0	0.0	0.0	1.0721	5.27906	0.0	0.0	1.0117	0.0	12.7148	0.0	1.8933	2.182	0.0	6.6557	0.0	0.0	14.2888	10.9979
Bacteria;Actinobacteria;Coriobacteriia;Coriobacteriales;Atopobiaceae	48.1037	47.2931	58.12852	53.47291	43.92263	34.98892	40.05736	57.6228	40.72286	35.1873	46.89335	22.8292	50.48454	61.24642	52.94832	50.73362	40.4497	50.3464	51.05112	38.4638	40.77624	50.69815	40.86108	53.71221	33.27036	49.52258	43.0812	43.96247	57.1281	37.82258	64.05288	53.12331	36.27006	48.90754	32.5717	28.1336	35.8814	44.70584	59.72716	49.73645	51.526	52.56362	15.5545	30.6411	66.34225	42.1298	36.9198	53.60924	44.56671	58.61327	23.5801	18.5618
Bacteria;Actinobacteria;Coriobacteriia;Coriobacteriales;Coriobacteriales Incertae Sedis	1.6423	0.0	2.85247	3.9168	2.6111	6.54831	2.2746	3.9756	2.9453	4.74154	2.006	0.0	4.04178	5.1177	2.89234	4.97938	4.2859	4.5575	5.08158	2.6295	1.3473	3.75345	1.42848	5.30263	4.52673	4.32498	4.40593	6.2843	4.8042	3.80196	4.2016	2.4976	1.8808	3.82376	3.7154	0.0	2.9289	2.1563	4.20141	1.2646	1.0117	1.2831	7.3999	2.9105	2.981	0.0	1.0839	5.96266	1.4411	2.323	0.0	0.0
Bacteria;Actinobacteria;Coriobacteriia;Coriobacteriales;Eggerthellaceae	3.68564	2.0	10.70941	10.91431	0.0	0.93351	4.47203	9.1295	4.9383	2.94028	3.46127	0.0	5.00388	12.96712	10.31504	7.86958	9.2806	5.1078	13.06346	4.891	0.0	7.98705	3.88378	4.36613	5.89746	6.43244	5.30106	3.93187	8.43008	4.95252	14.42979	9.17348	8.67912	4.15042	4.5072	2.06454	5.652	7.77856	8.92491	1.2646	3.9411	2.43536	5.6403	3.612	0.0	5.4878	1.0839	0.76536	5.48851	5.7204	0.0	0.0
Bacteria;Actinobacteria;Coriobacteriia;Coriobacteriales;uncultured	1.9369	3.8074	1.585	2.6686	2.76141	0.0	0.97063	2.9241	3.5549	1.7022	2.4659	0.0	1.7135	2.49782	2.4202	1.0973	3.7799	3.551	4.8407	1.8456	0.82554	2.2954	1.90404	4.26583	2.7721	3.67078	5.0352	3.88859	1.6402	0.0	5.46951	1.7328	0.74044	2.7519	1.1464	1.1522	3.2958	5.22826	0.0	2.69451	2.0234	3.0301	0.0	1.851	3.9564	1.7478	1.6958	3.99766	4.15297	3.3613	0.0	0.0
Bacteria;Bacteroidetes;Bacteroidia;Bacteroidales;Bacteroidaceae	72.13512	70.0647	5.51547	98.48542	3.40181	16.90972	93.90877	6.2887	131.303	23.53938	144.68298	71.6251	1.3333	7.9839	8.27634	5.78096	25.907	4.4943	18.07272	6.3207	85.17418	109.30255	103.90116	114.32295	19.00265	6.40758	33.67165	100.9893	7.7856	5.6392	2.37288	8.95037	4.84094	116.16512	18.3117	46.24398	12.6959	19.63106	3.55061	117.44308	85.516	101.8259	0.0	3.612	7.04844	77.4751	113.161	1.53072	104.39534	85.39889	14.5169	6.2014
Bacteria;Bacteroidetes;Bacteroidia;Bacteroidales;Bacteroidales RF16 group	12.9704	12.1923	26.05357	23.02787	20.43711	27.01831	15.51799	25.80514	22.1744	23.09584	11.2529	2.3662	24.58578	24.11612	26.25934	26.98516	19.4172	13.8952	22.15176	15.7034	17.17668	24.77545	19.57108	23.1163	16.68873	31.1444	23.58326	20.00779	24.4151	18.71626	26.9564	17.3857	23.74046	23.74646	19.6195	45.8873	19.4553	18.7736	27.34262	24.4231	11.2948	7.6697	0.0	14.5899	14.58074	8.0713	19.2956	17.72616	8.06964	11.1296	0.0	0.0
Bacteria;Bacteroidetes;Bacteroidia;Bacteroidales;Bacteroidales UCG-001	0.0	0.0	0.0	0.0	0.0	0.0	0.0	0.0	0.0	0.0	0.0	0.0	0.0	0.0	0.0	0.0	0.0	0.0	0.0	0.0	0.82554	0.0	0.0	0.0	0.0	0.0	0.0	0.0	0.0	0.0	0.0	0.0	0.0	0.0	0.0	15.1348	0.0	0.0	0.73851	0.0	0.0	0.0	0.0	0.0	0.0	0.0	0.0	0.0	0.0	0.0	0.0	0.0
Bacteria;Bacteroidetes;Bacteroidia;Bacteroidales;Dysgonomonadaceae	7.0537	5.8074	0.0	3.9168	0.0	1.4956	2.5357	0.63148	2.6695	2.13184	9.6464	7.0576	0.0	1.6519	1.0622	0.0	0.0	1.7026	4.21098	1.1998	2.0317	1.5629	1.8329	0.0	3.1152	0.0	3.70173	1.264	0.0	3.2112	0.99071	4.05	0.0	1.542	1.1464	0.0	4.2138	3.26416	1.2246	2.7247	8.832	9.9753	8.7935	3.8398	2.42027	7.26	1.0839	9.2106	9.0966	6.9924	9.3673	0.0
Bacteria;Bacteroidetes;Bacteroidia;Bacteroidales;F082	50.9801	43.1216	111.46804	58.63558	107.88873	43.36812	61.56356	107.82824	61.82636	108.20978	53.74024	45.5468	94.21364	122.38462	119.92138	113.97256	102.0545	119.4234	119.70312	85.0296	49.85602	60.35635	61.34002	71.76216	106.63526	108.70252	112.70363	49.17007	109.43216	95.38942	108.93239	96.79308	103.47012	60.6411	92.4143	56.20388	109.6114	115.10266	115.02541	60.69753	49.8839	53.15016	37.7964	76.5334	52.38404	45.714	46.3334	125.48006	56.12218	50.17617	10.4911	25.0656
Bacteria;Bacteroidetes;Bacteroidia;Bacteroidales;Marinifilaceae	6.9004	3.585	2.1155	14.4904	0.79071	4.80621	13.07243	0.0	10.81516	0.0	11.60517	5.9551	1.7135	5.91814	1.6673	0.0	0.0	0.0	0.0	0.0	11.7954	11.9912	12.2852	17.9664	1.5576	2.12174	0.0	12.3031	1.2699	1.4098	0.99071	0.0	0.74044	17.9469	0.0	7.24936	0.0	0.0	0.73851	15.6971	4.0218	13.1206	0.0	0.0	0.92977	8.1539	11.7885	0.0	11.7865	6.2422	0.0	0.0
Bacteria;Bacteroidetes;Bacteroidia;Bacteroidales;Muribaculaceae	13.45094	14.9784	17.76408	22.93528	18.83723	16.39821	19.24296	22.57314	23.44756	12.45968	17.65671	12.745	14.12926	19.93108	17.48876	14.12524	13.6225	12.5821	14.89308	6.1194	17.82444	19.38495	25.18182	21.48142	15.39363	21.97856	14.78823	15.88737	15.39574	14.0174	15.94963	13.9796	19.58818	25.88096	13.5166	12.12194	18.3355	14.54212	25.01675	25.90891	15.6925	13.72556	0.0	12.0219	16.04284	12.914	21.2971	21.29938	18.65847	13.7274	4.1294	0.0
Bacteria;Bacteroidetes;Bacteroidia;Bacteroidales;Prevotellaceae	307.62026	264.8051	552.87254	591.47784	504.08517	705.28217	474.4154	570.44066	540.29978	374.72944	366.0269	282.0994	426.52634	580.56544	608.97968	561.11552	382.1495	580.7762	402.95982	214.8036	471.19116	498.50565	525.44238	546.03819	381.60138	587.65046	444.05871	472.71659	555.92024	444.50436	577.37456	286.67279	541.6527	570.22914	265.8345	647.525	352.3796	409.63622	583.80132	512.35465	391.369	363.21642	81.7693	218.8801	520.31107	322.7903	442.6369	465.01714	411.35008	327.18433	40.336	39.7369
Bacteria;Bacteroidetes;Bacteroidia;Bacteroidales;RH-aaj90h05	0.0	0.0	0.73697	0.0	1.2986	0.0	0.0	1.4046	0.74006	2.4615	0.0	1.1831	0.81548	2.8929	2.0923	2.7437	3.1589	2.1317	3.3771	0.0	0.82554	0.0	0.0	0.66523	3.1333	2.6434	3.3881	0.76619	1.6402	0.87066	2.4442	2.0351	0.74044	0.0	2.5495	0.0	2.7033	3.7493	2.6662	0.76661	1.0117	0.0	0.0	1.851	0.92977	0.0	0.0	3.6889	0.0	1.1615	0.0	0.0
Bacteria;Bacteroidetes;Bacteroidia;Bacteroidales;Rikenellaceae	106.44616	104.1691	206.77921	182.85556	227.42447	166.05545	144.10889	237.57288	153.89276	223.1863	129.25732	108.2683	169.752	264.42284	232.1663	228.74002	224.6724	192.6083	248.30586	152.5816	142.52686	160.4347	156.97892	156.63591	226.6358	235.89262	246.84375	150.27086	213.19714	175.31464	225.73123	210.85339	203.60666	171.91476	180.8997	163.27582	223.5068	277.0772	243.49018	158.32311	132.8694	121.81672	20.9685	146.7003	193.5863	112.6268	125.181	265.68974	121.52914	128.46041	6.3132	16.2019
Bacteria;Bacteroidetes;Bacteroidia;Bacteroidales;Tannerellaceae	1.9369	1.0	0.73697	14.8225	0.79071	9.38521	11.09163	1.0692	15.608	1.3234	2.51677	7.4556	0.0	2.4019	2.52214	2.59508	0.0	0.0	2.19278	0.0	10.92704	15.1917	14.5583	13.94383	0.0	2.63194	1.178	9.9971	0.0	0.0	1.15756	0.0	2.8182	15.3932	0.0	4.49528	0.0	0.0	2.1184	12.75671	1.6005	1.9514	0.0	0.0	3.3291	2.8716	12.0939	0.0	1.8371	4.911	0.0	0.0
Bacteria;Bacteroidetes;Bacteroidia;Bacteroidales;p-251-o5	0.0	0.0	0.0	0.0	0.0	0.0	0.0	1.4046	0.0	0.0	0.0	0.0	2.14878	2.00112	1.3963	4.169	0.0	0.0	0.0	0.0	0.0	0.0	0.0	0.0	0.0	5.1844	0.70603	0.0	3.78068	2.578	7.1219	0.0	2.62124	0.0	0.0	0.68818	0.0	1.2529	1.5875	0.0	0.0	0.0	0.0	0.0	0.0	0.0	0.0	4.2624	0.0	0.0	0.0	0.0
Bacteria;Bacteroidetes;Bacteroidia;Bacteroidales;p-2534-18B5 gut group	5.4407	5.3576	5.2854	4.3987	7.6684	7.0447	3.1173	7.8851	3.7797	3.0897	6.0246	4.791	4.7864	7.9275	8.2892	5.4318	3.6131	6.5461	3.0076	3.1346	3.3599	4.4917	3.4918	5.37623	1.5576	5.7409	2.7402	4.3661	5.3406	4.42776	5.5364	2.2848	4.8992	4.8915	2.5495	3.1613	2.9289	1.2529	5.97751	4.2655	6.089	5.9856	0.0	2.6358	10.207	5.7248	2.454	2.8675	6.2569	6.0961	3.828	0.0
Bacteria;Bacteroidetes;Bacteroidia;Bacteroidales;uncultured	16.5299	15.5038	23.7112	24.7571	24.2536	28.3115	20.93553	26.39078	23.1038	28.3584	17.1838	12.6476	23.43908	27.80962	25.8901	25.89168	28.3647	24.4969	28.9368	19.8388	20.8282	21.24015	21.9318	21.2512	27.25116	25.2822	29.39713	22.8903	25.44798	20.8746	25.13708	25.2332	23.8521	22.8846	23.1244	17.3311	27.3225	30.5767	26.8595	20.2988	16.6585	17.0686	0.0	24.0625	23.207	14.4925	19.5757	29.153	17.4595	16.8474	3.4464	2.8425
Bacteria;Bacteroidetes;Bacteroidia;Flavobacteriales;Flavobacteriaceae	4.93944	6.4594	2.61147	6.72357	2.08931	3.5752	7.46653	3.37718	7.37032	0.80844	9.416	6.6071	1.3333	4.21052	3.8664	6.64858	0.0	2.7305	0.0	0.0	7.79058	6.95765	8.3519	7.7152	1.5576	3.85824	1.41206	6.2207	4.98976	3.69026	4.13738	2.17749	4.2097	8.44766	0.0	6.63598	0.0	2.01126	4.46881	8.15811	5.8922	8.6319	0.0	1.851	2.42027	7.6538	6.7466	0.76536	8.34497	5.6227	2.9261	2.0308
Bacteria;Chloroflexi;Anaerolineae;Anaerolineales;Anaerolineaceae	1.9369	2.3219	5.62777	0.73967	7.0017	0.0	0.0	4.3377	0.0	7.14184	3.5809	0.0	4.8637	6.5551	4.8454	4.4271	7.3481	6.1004	9.7917	5.8597	0.0	1.2035	2.4553	0.66523	9.24783	4.7364	8.5675	0.0	6.9554	5.1618	6.76008	8.11209	3.3771	0.0	6.8465	4.4203	6.5315	10.34576	5.2132	1.2646	2.3406	1.2831	6.03	6.4438	3.7729	1.1238	0.0	8.60096	1.4411	1.1615	0.0	3.7383
Bacteria;Chloroflexi;Anaerolineae;SBR1031;uncultured Chloroflexi bacterium	0.0	0.0	0.0	0.0	0.0	0.0	0.0	0.0	0.0	0.0	0.0	0.0	0.0	0.0	0.0	0.0	0.732	0.0	0.0	1.1998	0.0	1.2035	0.0	0.0	0.0	0.0	1.178	0.0	0.0	0.0	0.0	1.7328	0.0	0.0	0.0	0.0	0.0	0.0	1.5875	0.0	0.0	0.0	0.0	0.0	0.0	0.0	0.0	2.1696	0.0	0.0	0.0	0.0
Bacteria;Chloroflexi;Chloroflexia;Thermomicrobiales;JG30-KF-CM45	0.0	0.0	0.0	0.0	0.0	0.93351	0.0	0.0	0.0	0.0	0.0	0.0	0.0	0.61882	0.0	1.74788	2.3087	1.7026	0.83388	0.0	0.0	0.0	0.0	0.0	1.5576	0.0	1.8177	0.0	0.0	0.0	0.0	0.0	0.0	0.0	0.0	0.0	0.0	1.9131	0.0	0.0	0.0	0.0	4.5496	1.204	0.92977	0.0	0.0	4.6478	0.0	0.69459	0.0	0.0
Bacteria;Cyanobacteria;Melainabacteria;Gastranaerophilales;gut metagenome	0.0	0.0	0.0	0.73967	0.79071	4.428	0.0	0.0	0.74006	0.0	0.0	0.0	0.0	0.0	0.0	0.0	0.732	0.0	0.0	0.0	0.0	1.4475	0.71424	1.1188	0.0	0.66274	0.0	0.76619	0.0	1.4098	0.0	0.0	0.74044	0.71136	0.0	1.5027	0.0	0.0	0.0	0.0	1.0117	0.0	0.0	0.0	2.981	1.1238	0.0	0.0	0.0	0.0	0.0	0.0
Bacteria;Cyanobacteria;Melainabacteria;Gastranaerophilales;uncultured bacterium	4.80444	4.585	35.42018	31.12317	32.9832	79.98651	16.99363	36.37474	32.38718	14.21202	3.9772	1.1831	25.43164	37.6791	38.54292	34.60514	8.3244	42.9108	21.23074	4.3344	25.15812	31.68475	30.1212	34.57459	7.41056	31.6816	15.37656	32.64949	35.06976	22.0516	44.21522	10.17307	28.02854	33.42032	10.4253	56.46046	13.3052	13.12578	39.20544	27.21233	5.2166	9.5627	3.8485	4.8746	18.96675	5.0536	25.5861	17.1154	3.93444	5.43149	0.0	2.0308
Bacteria;Cyanobacteria;Melainabacteria;Gastranaerophilales;uncultured cyanobacterium	0.0	0.0	0.0	0.0	0.0	2.214	0.0	0.0	0.0	0.0	0.0	0.0	0.0	0.0	0.62674	0.0	0.0	1.0891	0.0	0.0	0.0	0.0	0.0	0.0	0.0	0.66274	0.0	0.0	1.2699	0.0	0.0	0.0	0.0	1.1857	0.0	0.0	0.0	0.0	0.73851	0.0	0.0	0.0	0.0	0.0	0.0	0.0	0.0	0.0	0.0	0.0	0.0	0.0
Bacteria;Cyanobacteria;Melainabacteria;Gastranaerophilales;uncultured rumen bacterium	8.27568	7.2854	22.02684	16.7152	20.31261	39.44351	13.3801	19.67908	14.88428	13.10774	5.962	2.2666	19.05484	19.03132	19.34788	20.38234	9.6186	23.8873	14.71956	1.1998	14.3617	20.5541	12.0997	17.56973	7.79013	18.64634	12.05133	14.54818	22.39064	19.34126	21.7774	7.06257	16.43214	18.37892	6.4107	21.24766	12.685	11.91788	19.26092	14.26621	7.9638	7.61106	0.0	7.0002	17.74834	6.4204	9.176	17.0358	6.92087	8.44888	0.0	0.0
Bacteria;Cyanobacteria;Melainabacteria;Gastranaerophilales;uncultured rumen bacterium 4C0d-2	0.0	0.0	0.0	0.0	0.0	0.93351	0.0	0.0	0.0	0.0	0.0	0.0	0.0	0.0	0.0	0.0	0.0	0.0	0.0	0.0	0.0	0.0	0.0	0.0	0.0	0.0	0.0	0.0	0.0	0.0	0.0	0.0	0.0	0.0	0.0	4.9231	0.0	0.0	0.0	0.0	0.0	0.0	0.0	0.0	0.0	0.0	1.0839	0.0	0.0	0.0	0.0	0.0
Bacteria;Cyanobacteria;Oxyphotobacteria;Chloroplast;Arachis duranensis	3.013	0.0	1.8745	0.0	0.0	0.0	0.0	0.0	1.2268	0.0	1.706	0.0	0.0	0.0	0.0	0.0	0.0	2.9569	0.83388	0.0	0.82554	1.2035	0.0	1.1188	0.0	0.0	0.0	0.0	1.6402	0.87066	1.7941	0.0	0.0	0.0	0.0	0.0	0.0	0.0	0.0	0.0	1.6005	0.0	0.0	1.204	0.0	1.7478	0.0	0.0	0.0	3.1763	0.0	0.0
Bacteria;Cyanobacteria;Oxyphotobacteria;Chloroplast;Cenchrus americanus	0.0	2.0	0.0	0.0	0.0	0.0	0.0	0.0	0.0	0.0	1.3267	1.1831	1.3333	0.0	0.62674	0.0	0.0	1.0891	0.0	0.0	0.0	0.72375	0.71424	1.1188	0.0	1.1152	0.0	0.76619	0.0	0.87066	0.0	0.0	0.0	0.71136	0.0	0.0	0.0	0.0	0.0	0.0	0.0	1.2831	0.0	0.0	1.4905	0.0	0.0	0.0	0.0	0.69459	0.0	0.0
Bacteria;Cyanobacteria;Oxyphotobacteria;Chloroplast;Lavandula angustifolia	0.77164	2.0	0.0	0.0	0.0	0.0	0.0	0.0	0.0	0.0	0.0	0.0	0.0	0.0	0.0	0.0	0.0	0.0	0.0	0.0	0.0	2.0899	1.5469	0.66523	0.0	0.66274	0.0	0.76619	0.77038	0.0	1.5726	2.0351	0.0	2.4493	1.777	0.0	0.0	0.0	0.0	0.76661	0.0	0.0	0.0	0.0	0.0	0.0	0.0	0.0	1.4411	1.1615	0.0	0.0
Bacteria;Cyanobacteria;Oxyphotobacteria;Chloroplast;Medicago truncatula (barrel medic)	2.1814	3.3219	1.2224	0.0	0.0	0.0	0.0	0.0	1.2268	2.0019	1.706	0.0	0.0	0.0	0.0	0.0	0.0	0.0	1.3589	1.1998	0.0	3.6698	0.71424	1.9742	0.0	0.66274	0.70603	2.8693	0.0	0.87066	1.7941	0.0	0.0	2.0658	2.2144	0.0	0.0	2.3644	1.5875	2.7247	0.0	0.0	0.0	0.0	0.0	0.0	1.6958	0.0	3.7933	3.1763	0.0	0.0
Bacteria;Cyanobacteria;Oxyphotobacteria;Chloroplast;Triticum aestivum (bread wheat)	1.6423	1.0	0.73697	0.0	0.79071	0.0	0.97063	0.63148	2.5089	0.0	2.4659	1.1831	2.0142	0.61882	1.3963	0.0	0.0	2.9569	0.0	0.0	0.0	2.2954	1.5469	2.1747	0.0	0.66274	0.70603	1.264	1.2699	1.4098	0.0	0.0	0.0	1.1857	0.0	0.0	0.0	0.0	0.0	0.0	1.0117	2.4063	0.0	0.0	3.3291	0.0	0.0	0.0	1.4411	3.9283	0.0	0.0
Bacteria;Deinococcus-Thermus;Deinococci;Deinococcales;Trueperaceae	0.0	0.0	0.0	0.0	0.0	0.0	0.0	0.0	0.0	2.2499	0.0	0.0	0.0	0.0	1.0622	0.0	0.0	0.0	0.0	0.0	0.0	0.0	0.0	0.0	0.97953	0.0	1.178	0.0	0.0	0.0	0.0	1.7328	0.0	0.0	0.0	0.0	0.0	1.2529	0.0	0.0	0.0	0.0	0.0	0.0	0.0	0.0	0.0	0.0	0.0	0.0	0.0	0.0
Bacteria;Elusimicrobia;Elusimicrobia;Elusimicrobiales;Elusimicrobiaceae	0.77164	0.0	3.05894	3.4689	2.2171	13.7607	0.0	4.4387	4.50026	1.61688	2.81677	0.0	3.993	5.25962	7.2989	6.76708	1.2153	8.1798	2.19278	0.0	5.78614	7.7547	4.1616	6.31963	0.0	4.9195	2.52373	4.40999	2.70508	5.5737	7.03738	0.0	4.45344	5.0791	2.2144	11.18618	0.0	0.75836	5.87522	4.75591	0.0	1.2831	0.0	0.0	7.6305	1.1238	1.0839	1.53072	1.4411	1.1615	0.0	0.0
Bacteria;Epsilonbacteraeota;Campylobacteria;Campylobacterales;Campylobacteraceae	7.94794	6.3219	9.78457	8.14917	6.99442	19.8689	10.044	10.90038	11.86996	17.2296	7.5289	5.0341	6.76678	11.6063	10.5562	7.90288	14.3913	12.2836	9.8323	7.651	7.45224	8.32275	9.7489	12.5624	14.77893	12.26	16.80883	8.5224	10.1104	7.62506	10.98312	8.44749	8.82764	8.8355	13.097	4.1791	6.1628	10.71706	10.72741	8.027	5.9298	9.62282	0.0	8.4022	17.7958	8.4696	7.3262	14.5157	9.86097	9.03959	0.0	0.0
Bacteria;Fibrobacteres;Fibrobacteria;Fibrobacterales;Fibrobacteraceae	1.2717	3.0	34.04217	15.37337	29.62381	5.9407	32.91633	29.23038	10.8171	40.27974	4.59947	7.6472	27.77518	34.98164	31.2866	31.81858	42.5787	18.1046	41.66628	30.1677	17.68624	22.0513	36.4497	40.38633	39.9208	35.4171	43.6471	27.33139	32.3826	26.59446	34.51739	35.8889	28.98524	37.87232	36.7182	20.29748	35.1578	43.73706	32.34421	32.58561	4.2023	4.6503	12.9683	32.6158	5.18527	6.1612	24.4394	14.8726	7.5446	3.18568	7.192	3.3589
Bacteria;Firmicutes;Bacilli;Bacillales;Bacillaceae	3.58662	5.585	0.0	3.24777	0.79071	0.93351	9.11913	0.63148	28.36628	26.20104	6.57321	1.1831	0.0	0.0	0.0	0.65058	44.8047	0.0	21.50316	1.8456	7.06178	0.72375	10.10444	20.4409	20.64992	1.77794	35.97336	5.44456	0.0	0.0	0.0	9.33348	0.0	10.0107	15.7103	2.4002	2.9289	7.84162	0.0	11.53814	5.6473	8.6018	28.5558	8.938	0.0	2.8716	7.2936	0.0	7.35697	7.07869	28.6635	20.8599
Bacteria;Firmicutes;Bacilli;Bacillales;Family XII	0.0	0.0	0.0	0.0	0.0	0.0	3.0914	0.0	0.0	0.0	0.0	0.0	0.0	0.0	0.0	0.0	1.2153	0.0	0.0	0.0	8.7949	0.0	0.0	0.0	0.97953	0.0	0.0	0.0	0.0	0.0	0.0	0.0	0.0	6.9186	0.0	0.0	0.0	0.0	0.0	3.4353	0.0	0.0	0.0	0.0	0.0	0.0	0.0	0.0	5.681	0.0	0.0	0.0
Bacteria;Firmicutes;Bacilli;Bacillales;Paenibacillaceae	3.18558	4.0	0.0	1.2263	0.0	0.0	12.027	0.0	5.28966	2.42532	5.24908	5.4831	0.0	0.0	0.0	0.0	5.4621	0.0	0.0	0.0	0.0	2.651	7.9065	13.5924	0.0	0.0	3.77203	1.264	0.0	0.0	0.0	0.0	0.0	12.30792	0.0	3.77656	0.0	0.0	0.0	9.4979	5.6238	9.02036	0.0	0.0	0.0	5.0536	5.2337	0.0	8.2165	4.72699	0.0	0.0
Bacteria;Firmicutes;Bacilli;Bacillales;Planococcaceae	67.34418	54.7534	0.0	10.33181	1.58142	0.0	54.78335	4.36824	67.58446	100.99896	96.56518	56.1571	0.0	0.0	0.0	0.0	138.2477	2.1782	19.34382	0.0	4.45414	2.651	36.21694	78.91721	96.4212	1.77794	146.13215	18.85687	0.0	0.0	0.0	0.0	0.74044	71.5552	98.8411	15.009	3.179	2.37876	0.73851	48.26886	54.1388	76.73356	0.0	48.4783	0.92977	49.7175	10.6471	0.76536	96.33728	51.92092	7.192	9.9718
Bacteria;Firmicutes;Bacilli;Bacillales;Staphylococcaceae	0.0	0.0	0.0	0.0	0.0	0.0	0.0	0.0	0.0	0.0	0.0	0.0	0.0	0.0	0.0	0.0	0.0	0.0	0.83388	1.1998	0.0	0.0	0.0	1.1188	0.0	0.0	0.0	0.0	0.0	0.0	0.0	0.0	0.0	0.0	0.0	0.0	0.0	0.75836	0.0	0.0	0.0	0.0	0.0	0.0	0.0	0.0	0.0	0.0	0.0	0.0	5.5609	0.0
Bacteria;Firmicutes;Bacilli;Lactobacillales;Aerococcaceae	8.0602	7.9944	0.0	3.7067	0.0	0.0	1.9557	0.0	2.1214	0.80844	8.3884	6.7683	0.0	0.0	0.0	0.0	0.0	0.0	0.0	2.2901	0.82554	2.4752	2.6147	1.4633	0.0	0.0	0.0	1.6333	0.0	0.0	0.0	0.0	0.0	2.8823	0.0	1.5027	0.0	0.0	0.0	1.634	7.948	9.4156	0.0	1.851	0.0	7.094	2.7223	0.76536	7.6923	8.2627	16.2886	10.858
Bacteria;Firmicutes;Bacilli;Lactobacillales;Carnobacteriaceae	2.41394	1.0	1.47394	1.5895	0.0	2.42911	6.0371	2.33216	1.48012	0.80844	4.08744	0.0	0.81548	1.0505	0.62674	1.74788	3.6459	2.1317	1.66776	1.1998	1.3473	0.72375	2.61828	1.99569	0.0	2.44068	2.356	4.40999	0.77038	3.69026	3.60176	1.35	2.70828	0.71136	1.1464	0.68818	1.0721	1.2529	3.84041	0.76661	1.0117	2.84262	4.5496	3.5001	4.31357	1.7478	3.2517	1.53072	2.33457	0.69459	2.1044	4.0616
Bacteria;Firmicutes;Bacilli;Lactobacillales;Enterococcaceae	3.4464	9.4919	0.0	2.61907	0.0	0.0	4.2303	0.0	2.8169	0.0	8.4422	3.4497	0.0	0.0	0.0	0.0	0.0	0.0	0.0	0.0	0.82554	2.0899	0.71424	5.96323	0.0	0.0	0.0	2.3798	0.0	0.0	0.0	0.0	0.0	1.1857	0.0	2.19088	0.0	0.0	0.0	0.0	4.1094	9.1987	0.0	0.0	0.0	1.7478	2.7797	0.0	12.1005	12.192	0.0	0.0
Bacteria;Firmicutes;Bacilli;Lactobacillales;Lactobacillaceae	4.55628	4.585	6.3399	1.96597	8.66631	3.36262	4.47696	4.59294	3.06816	5.47718	5.35407	5.4745	2.96426	3.1256	0.0	1.74788	5.9106	0.0	4.31568	4.6897	0.82554	3.77755	2.61828	7.21223	12.6442	6.68484	7.8613	1.53238	4.35142	0.87066	7.58239	7.41489	2.86264	2.53896	6.0593	0.0	6.5681	11.0355	2.8121	4.25792	3.618	3.1514	31.0907	6.9089	1.4905	1.1238	5.5594	2.69106	4.9383	3.074	13.3816	6.714
Bacteria;Firmicutes;Bacilli;Lactobacillales;Streptococcaceae	165.61624	161.6636	37.28186	72.66284	26.23714	2.83261	50.95324	22.5951	77.30068	96.0195	156.98628	129.8511	21.27576	19.39712	17.19672	18.59384	79.7966	4.046	132.26806	73.5368	65.46716	99.84245	69.0019	87.27886	81.03368	31.34016	83.16221	87.72983	26.18506	18.52874	25.91264	105.52246	23.38518	80.65178	68.7316	38.71814	97.7667	118.83026	25.55703	53.61675	156.7655	154.89718	29.7123	57.0265	8.80538	106.4036	55.24	3.55888	163.28709	212.64354	43.6041	34.4742
Bacteria;Firmicutes;Clostridia;Clostridiales;Christensenellaceae	154.19898	142.1502	190.21592	181.07258	155.54663	103.43797	141.62262	159.1742	173.47586	181.96484	138.40788	112.1733	140.91248	169.50328	154.46694	152.59024	211.9391	105.9865	251.1568	133.7666	141.23032	198.8661	174.1513	185.36251	168.14169	170.209	218.1191	181.60386	162.80028	119.35192	210.65992	207.88446	148.49544	160.27146	155.8724	165.66886	187.4575	238.43266	176.03217	145.71914	144.8631	161.27216	85.0914	150.7764	132.24082	103.4044	137.5219	231.72966	160.14084	164.49385	33.1783	37.5921
Bacteria;Firmicutes;Clostridia;Clostridiales;Clostridiaceae 1	88.63178	110.0788	0.0	73.76483	0.79071	0.0	59.85091	0.0	46.87644	32.74122	133.55648	77.1979	0.0	1.66932	0.0	0.65058	30.3068	0.0	28.5581	8.3071	63.9825	83.98015	83.65826	97.98086	30.55025	0.0	39.99012	64.9523	7.18326	0.0	5.25317	20.04086	5.24864	86.36726	20.9474	24.77666	12.0995	18.95118	1.47702	89.02794	80.2698	105.72428	1.8801	20.6205	0.92977	88.9481	60.4424	5.0896	118.99732	92.87197	26.4527	24.9527
Bacteria;Firmicutes;Clostridia;Clostridiales;Clostridiaceae 2	2.8807	3.0	0.0	0.0	0.0	0.0	0.0	0.0	0.0	0.0	3.2166	6.5148	0.0	0.0	0.0	0.0	0.0	0.0	0.0	0.0	0.0	0.0	1.5469	0.66523	0.0	0.0	0.0	0.0	0.0	0.0	0.0	0.0	0.0	0.0	0.0	1.5027	0.0	0.0	0.0	0.76661	5.9473	4.04316	0.0	0.0	0.0	1.7478	0.0	0.0	3.3832	4.36699	0.0	0.0
Bacteria;Firmicutes;Clostridia;Clostridiales;Clostridiaceae 4	0.77164	0.0	0.0	0.0	0.0	0.0	0.0	0.0	0.0	0.0	0.0	1.8243	0.0	0.0	0.0	0.0	0.0	0.0	0.0	0.0	0.0	0.0	0.0	0.0	0.0	0.0	0.0	0.0	0.0	0.0	0.0	0.0	0.0	0.0	0.0	0.0	0.0	0.0	0.0	0.0	2.0175	0.77976	0.0	0.0	0.0	0.0	0.0	0.0	0.89347	1.1615	0.0	0.0
Bacteria;Firmicutes;Clostridia;Clostridiales;Clostridiales vadinBB60 group	21.56654	22.5217	61.57891	58.01807	59.56734	14.04202	38.20226	57.90814	52.33936	47.69554	22.48247	18.4044	45.63974	69.98116	64.58644	54.04724	40.6555	19.5984	50.29016	39.2533	46.5983	65.11245	45.04508	59.96673	44.23286	53.03212	45.1026	49.52256	59.50612	40.54484	59.65448	37.52327	48.02386	52.57512	40.4066	44.96638	48.9031	50.26652	56.10434	47.98374	24.9675	21.8807	2.6695	29.4963	8.47837	18.7985	45.9956	25.0864	20.28657	24.39019	10.1752	2.0308
Bacteria;Firmicutes;Clostridia;Clostridiales;Defluviitaleaceae	0.0	0.0	5.3885	6.9173	3.40181	0.0	0.97063	3.8106	3.0657	3.9694	0.0	0.0	4.45456	3.7187	2.71904	5.5464	3.8127	0.0	8.4349	6.9778	7.4477	4.6907	4.87584	4.89103	5.09236	4.8426	5.3597	3.48999	4.5182	2.109	5.7495	5.79539	4.2939	4.02216	4.0698	3.7105	3.7873	7.01336	4.83171	2.40061	0.0	0.0	0.0	4.259	0.92977	0.0	0.0	5.86566	0.0	0.0	0.0	0.0
Bacteria;Firmicutes;Clostridia;Clostridiales;Eubacteriaceae	7.5543	7.3219	5.5131	6.86867	5.8381	3.5752	6.1313	3.7094	6.89746	5.7236	5.96827	4.9326	4.8637	4.4164	4.5427	5.0152	5.9342	4.069	7.2028	5.6144	5.8029	6.7614	7.7128	10.9719	5.7144	6.19804	8.08573	7.1765	4.9373	3.4518	7.3259	7.62179	3.8494	7.33366	6.2059	5.3313	5.782	7.32906	5.0187	7.00181	5.2706	4.5813	6.1437	6.8635	6.67454	3.5377	6.6009	5.0828	7.062	7.2445	0.0	0.0
Bacteria;Firmicutes;Clostridia;Clostridiales;Family XI	0.0	0.0	1.585	0.0	0.0	0.0	0.0	2.30798	0.0	0.0	0.0	0.0	0.0	0.0	0.0	1.0973	0.0	0.0	0.83388	0.0	0.0	0.0	0.0	0.0	1.9692	0.0	1.178	0.0	0.0	0.0	0.0	0.82749	0.0	0.0	0.0	0.0	0.0	0.0	1.2246	0.0	0.0	2.06286	0.0	0.0	0.0	0.0	0.0	3.48746	0.0	1.1615	0.0	0.0
Bacteria;Firmicutes;Clostridia;Clostridiales;Family XII	0.0	0.0	0.0	0.0	1.6735	0.0	0.0	0.0	0.0	4.6479	0.0	2.3662	0.0	1.66932	2.4585	0.65058	3.5273	1.7026	4.0922	3.0454	0.0	0.0	0.0	0.0	2.53713	2.12174	1.178	0.0	0.77038	2.109	2.56331	1.7328	0.0	1.1857	1.777	0.0	2.1442	3.6173	1.47702	0.0	2.6122	0.0	0.0	3.5001	0.92977	0.0	0.0	6.5872	0.0	2.20819	0.0	0.0
Bacteria;Firmicutes;Clostridia;Clostridiales;Family XIII	59.40938	64.6408	68.44686	63.82946	62.31881	77.39017	53.07174	74.09728	48.84562	62.29866	67.55002	40.7564	61.99068	88.42514	82.18152	68.88402	74.5633	65.0246	91.76802	41.6302	47.86816	55.1009	58.71492	71.88887	75.60219	72.89322	85.08664	56.18714	76.22184	49.28944	96.95223	69.02865	62.3279	62.41108	67.4069	36.26236	61.8365	84.09508	67.32057	56.13326	59.0427	62.37816	48.7511	42.7581	101.77084	47.4391	49.8568	120.51004	58.09135	78.36593	59.1728	45.745
Bacteria;Firmicutes;Clostridia;Clostridiales;Lachnospiraceae	814.85822	803.6959	864.97243	728.16405	865.17315	624.07831	643.64589	797.82074	713.58604	634.93212	825.82368	620.8833	673.19416	801.81234	802.98454	701.47866	692.1295	486.195	777.96762	468.264	612.48344	790.6287	695.04544	903.60806	635.33041	691.20468	706.19401	734.04921	677.49026	592.57432	891.65125	633.47891	865.23718	783.6722	559.8618	590.4429	542.7473	773.16962	821.39043	610.16842	753.192	748.26506	494.8094	474.6038	630.10531	646.8577	503.6112	542.312	825.21272	851.92046	582.961	564.8161
Bacteria;Firmicutes;Clostridia;Clostridiales;Peptococcaceae	1.2717	0.0	2.32197	0.0	0.79071	0.0	0.0	0.0	0.0	5.8659	0.81077	0.0	2.0142	0.0	1.6673	0.0	3.7727	1.0891	7.4444	1.1998	0.0	0.0	0.0	0.0	3.26853	1.459	4.48113	0.0	0.77038	0.87066	0.99071	1.35	1.5908	0.0	2.9234	3.8529	2.7033	6.1411	0.73851	0.0	0.0	1.2831	0.0	0.0	0.92977	0.0	0.0	5.0644	1.4411	0.0	0.0	0.0
Bacteria;Firmicutes;Clostridia;Clostridiales;Peptostreptococcaceae	8.0934	4.0	0.0	1.2263	0.0	0.0	0.0	0.0	5.9171	0.0	6.20418	5.4745	0.0	0.0	0.62674	0.0	0.0	2.7917	1.66776	1.1998	0.0	1.5629	0.0	0.0	0.0	0.0	1.178	2.39949	0.77038	0.0	0.0	0.82749	0.0	2.0658	0.0	0.0	0.0	1.6204	0.0	1.2646	2.0234	1.6556	0.0	1.851	0.0	2.182	0.0	2.39736	11.09527	9.51648	7.4479	0.0
Bacteria;Firmicutes;Clostridia;Clostridiales;Ruminococcaceae	370.98858	366.5352	696.799	516.34428	623.30587	521.05043	426.57738	659.5569	474.97774	443.72128	431.48862	294.0476	544.19008	698.51614	668.90208	627.5394	502.2022	466.7364	626.17436	333.006	397.86178	532.0835	474.3048	585.75204	441.37767	638.17674	559.67846	501.34411	583.74064	481.99976	745.96718	515.44189	634.13468	533.73686	421.6029	499.45162	448.872	615.1288	659.34491	445.05358	401.7088	446.27818	221.3215	341.1186	501.167	339.7729	403.1378	674.05804	413.97395	457.71865	180.8475	155.3077
Bacteria;Firmicutes;Erysipelotrichia;Erysipelotrichales;Erysipelotrichaceae	73.55098	72.3046	110.91014	119.10574	114.91563	93.14425	99.54599	110.81678	95.00102	77.70102	76.51241	63.3816	91.17162	115.83726	103.27104	99.28344	76.5952	76.182	101.64474	55.7245	96.31732	127.7331	120.40132	125.38986	68.98235	97.84276	81.09349	120.28798	91.72716	76.76684	107.95346	81.97838	76.84062	112.84142	64.7076	93.52362	77.455	95.11906	96.08144	99.10908	75.0111	73.78042	26.7893	50.6604	97.87912	63.5775	94.5219	83.31962	79.17746	86.44559	35.7625	42.238
Bacteria;Firmicutes;Negativicutes;Selenomonadales;Acidaminococcaceae	54.26474	59.6972	56.68375	97.70119	55.96445	88.58065	75.80372	63.72548	90.6038	62.77024	55.05031	51.3771	44.10246	70.5967	64.54112	66.29312	53.4576	66.7395	49.1103	29.7177	72.64992	72.8206	88.60842	81.56505	55.97988	60.18016	61.94714	78.35837	58.75682	52.13284	64.81133	43.55615	65.93942	92.6971	46.5413	86.69488	60.0945	67.48074	78.05476	77.28262	61.4992	66.91058	69.0818	34.9783	49.97321	56.1579	77.3385	88.5365	56.09687	67.60204	19.012	11.9191
Bacteria;Firmicutes;Negativicutes;Selenomonadales;Veillonellaceae	81.7945	72.7085	91.95537	96.77297	94.91473	127.88073	86.03455	98.32112	88.46976	51.93674	84.10534	71.4894	80.0186	95.31578	103.20908	93.57312	45.4995	101.7461	47.39784	26.8147	73.72094	87.79215	96.0947	101.61632	45.42665	99.6752	51.17119	88.80177	97.88018	79.44022	105.95676	37.93886	92.34786	99.23326	37.2932	58.48828	45.7361	59.02284	104.13844	91.93975	81.2659	85.46518	17.2353	31.3668	111.04107	69.2826	83.748	46.68686	83.33801	86.29828	22.4569	20.7624
Bacteria;Fusobacteria;Fusobacteriia;Fusobacteriales;Fusobacteriaceae	63.10686	57.6305	0.0	42.90275	3.38791	2.8816	30.2193	1.6765	40.421	6.26474	66.47344	48.252	1.63096	2.71982	0.0	0.0	2.8379	0.0	3.2641	3.4899	32.69052	38.84005	39.44342	41.15718	4.11283	2.3453	6.92966	36.80569	1.2699	1.4098	2.37288	5.5473	0.74044	38.28872	1.777	19.17476	6.8194	4.53506	0.0	35.85964	55.3165	70.79468	0.0	1.204	0.92977	69.8202	32.2629	1.53072	70.82554	59.55416	0.0	10.6488
Bacteria;Kiritimatiellaeota;Kiritimatiellae;WCHB1-41;metagenome	1.9369	1.0	4.858	0.0	5.3627	0.0	0.0	3.6476	0.0	2.2499	0.0	0.0	4.4274	4.2231	4.9506	4.8822	2.312	2.7305	2.8599	0.0	0.0	0.0	0.0	0.0	1.9692	4.969	1.533	0.76619	5.484	3.4518	5.5516	2.0351	4.0956	0.0	1.777	0.0	0.0	0.75836	4.2	0.0	0.0	0.77976	0.0	0.0	1.4905	0.0	0.0	2.5604	0.0	1.7965	0.0	0.0
Bacteria;Kiritimatiellaeota;Kiritimatiellae;WCHB1-41;uncultured bacterium	2.573	0.0	13.1857	1.47934	14.1683	0.0	0.0	12.3574	0.0	11.93644	0.81077	0.0	10.5552	11.437	17.5354	18.44238	13.3595	5.5758	15.09878	8.2439	0.0	1.8503	0.0	0.66523	11.75483	21.2758	12.1882	0.0	20.0206	14.28186	22.06971	10.0632	17.2949	0.71136	10.7704	10.36288	12.3125	13.9015	14.97171	1.2646	4.0409	0.0	0.0	7.3947	3.3838	2.5153	0.0	13.8954	0.0	2.20819	0.0	0.0
Bacteria;Kiritimatiellaeota;Kiritimatiellae;WCHB1-41;uncultured rumen bacterium	12.02634	4.8074	44.39037	3.06697	45.21681	5.8671	5.2923	46.6393	3.3482	44.78894	7.53024	1.8243	36.25568	44.86944	51.3068	49.40666	42.9939	31.0228	54.96684	38.2343	1.65108	4.1457	16.23044	7.53573	39.83476	55.79162	49.63726	4.62059	45.6855	39.82322	56.0468	38.52888	42.13018	11.16492	39.2124	79.8537	46.9368	49.08912	50.30472	11.1601	9.9618	11.15108	5.8463	33.5009	16.11375	11.2431	8.9224	41.50858	7.8247	10.77469	0.0	0.0
Bacteria;Lentisphaerae;Lentisphaeria;Victivallales;Victivallaceae	10.7381	11.8842	11.4365	10.7265	13.60442	1.86702	1.94126	14.60546	8.1005	13.8995	17.5049	10.4684	10.12908	18.4588	16.12628	12.43148	12.9619	7.9001	14.3849	9.3316	4.20454	8.8381	10.4724	8.9505	12.1907	12.372	12.397	7.1422	13.59088	10.07456	15.04959	10.166	10.20608	11.1679	9.8602	13.7531	12.8157	12.44472	14.15162	8.2618	12.4888	17.8422	0.0	9.0401	10.80797	12.3428	10.1145	12.1877	14.05817	13.8025	5.6584	4.8469
Bacteria;Lentisphaerae;Lentisphaeria;Victivallales;vadinBE97	4.4803	3.1699	16.0113	3.9168	16.481	8.4891	7.0287	13.504	6.0638	11.25944	0.0	2.3662	12.80798	16.2808	19.0566	19.3932	14.2856	16.143	12.62786	10.1898	4.711	4.4853	10.7372	9.164	10.6768	22.3779	17.872	3.0014	19.6653	9.8918	19.4106	9.93129	16.3702	12.54	11.5281	14.1023	13.2821	10.60162	18.23601	11.25521	2.3406	6.93612	0.0	12.8289	9.934	3.6391	9.9521	9.8211	1.4411	3.76859	0.0	0.0
Bacteria;Lentisphaerae;Oligosphaeria;Oligosphaerales;Oligosphaeraceae	1.2717	0.0	9.7896	0.0	1.9707	0.0	0.0	10.33448	0.0	1.7022	0.81077	0.0	7.9635	11.6287	6.2718	9.5563	3.5273	4.2416	7.5959	4.2599	0.0	0.0	1.5469	1.1188	6.63	4.42134	3.70173	0.0	10.3381	2.3625	11.807	2.56029	7.6058	0.71136	6.1287	0.68818	6.0455	4.35116	11.4749	1.2646	0.0	0.0	0.0	4.1471	0.0	1.1238	0.0	0.0	0.89347	0.0	0.0	0.0
Bacteria;Patescibacteria;Gracilibacteria;Absconditabacteriales (SR1);uncultured rumen bacterium	2.3905	0.0	1.2224	0.73967	0.79071	3.4606	0.97063	0.63148	2.1214	0.0	0.0	0.0	0.0	1.3823	1.0622	2.1437	0.0	2.7305	0.0	0.0	1.3473	0.0	1.5469	0.0	0.0	1.459	0.0	0.76619	0.0	2.578	1.5726	0.0	1.2274	2.7519	0.0	2.5583	0.0	0.0	0.0	0.0	1.6005	0.0	0.0	0.0	4.2555	1.7478	0.0	0.0	0.0	2.8448	0.0	0.0
Bacteria;Patescibacteria;Saccharimonadia;Saccharimonadales;Saccharimonadaceae	10.62258	5.9069	15.68455	12.82868	15.99656	33.02514	7.01756	18.56878	14.47826	16.84222	5.70898	8.0878	13.19806	19.86202	20.16692	18.17036	13.9276	14.4613	21.9759	8.4382	4.5943	14.65435	13.73284	13.03322	13.88969	19.18672	16.55272	13.39924	13.01464	11.62614	15.86811	13.78656	16.01346	11.98388	8.0375	39.93326	22.1919	21.2898	19.10555	6.90303	6.5533	9.05142	9.6065	8.3308	25.335	2.2476	9.9913	31.2634	7.81378	13.08656	29.0784	25.5969
Bacteria;Patescibacteria;Saccharimonadia;Saccharimonadales;uncultured bacterium	0.0	0.0	0.0	0.73967	0.79071	0.0	0.0	0.0	0.0	0.0	0.0	0.0	0.81548	1.0505	0.62674	0.65058	0.0	0.0	0.83388	0.0	0.0	0.0	0.0	0.0	0.0	0.66274	1.178	0.0	0.0	0.0	0.0	0.0	0.0	0.0	0.0	0.0	0.0	0.0	0.0	0.0	1.0117	0.0	0.0	0.0	0.92977	1.1238	0.0	1.9257	0.0	0.0	0.0	0.0
Bacteria;Planctomycetes;Planctomycetacia;Pirellulales;Pirellulaceae	0.77164	0.0	2.1155	0.0	1.9707	0.0	0.0	0.0	0.0	4.6476	0.0	0.0	0.0	0.61882	3.18664	4.436	6.3426	1.0891	2.57688	0.0	0.0	0.0	1.1898	0.0	3.8466	5.3081	5.732	0.0	5.3403	2.28046	4.5421	0.82749	1.48088	0.0	2.5495	2.5583	2.1069	3.12276	0.0	0.0	2.3406	0.0	0.0	0.0	0.0	0.0	0.0	8.71286	0.0	0.0	0.0	0.0
Bacteria;Planctomycetes;Planctomycetacia;Planctomycetales;uncultured	0.0	0.0	0.0	1.2263	0.0	0.0	0.0	1.6765	0.0	1.3234	0.0	1.8243	0.0	0.0	0.0	1.7133	0.0	2.1317	0.83388	1.8456	0.0	0.0	0.0	0.0	0.0	0.0	2.2594	0.0	2.388	0.0	0.0	0.0	0.0	0.0	0.0	0.0	2.4357	1.9131	0.0	0.0	0.0	0.0	0.0	2.6358	0.0	0.0	0.0	2.3782	0.0	1.1615	0.0	0.0
Bacteria;Proteobacteria;Alphaproteobacteria;Rhizobiales;Rhizobiaceae	0.0	0.0	0.0	0.0	0.0	0.0	0.0	0.0	1.2268	0.0	0.0	0.0	0.0	0.0	0.0	0.0	0.0	0.0	0.0	0.0	0.0	1.5629	0.0	0.0	0.0	0.0	0.0	0.0	0.0	0.0	0.0	0.0	0.0	0.0	0.0	0.0	0.0	0.0	0.0	0.0	0.0	0.0	0.0	0.0	0.0	0.0	0.0	0.0	0.0	0.0	0.0	4.6832
Bacteria;Proteobacteria;Alphaproteobacteria;Rhodospirillales;uncultured	5.44354	6.6438	30.23327	28.08057	29.83261	44.7297	19.32003	30.63304	21.573	15.50614	3.7926	1.1831	23.07278	32.16536	38.77154	32.15508	16.271	36.0079	18.46508	13.7588	20.1323	23.7477	22.21984	24.91233	14.38553	37.2534	20.9539	22.48219	34.34598	27.70686	38.82581	13.7217	31.7694	25.9387	12.1209	25.3287	15.8828	16.5225	27.89212	24.71311	2.3406	5.16652	0.0	11.6782	9.35357	2.8716	21.8875	26.15206	3.22804	2.4139	0.0	0.0
Bacteria;Proteobacteria;Alphaproteobacteria;Rickettsiales;Mitochondria	0.0	0.0	0.73697	0.0	0.0	1.8991	0.0	0.63148	0.0	2.8095	0.0	0.0	0.0	0.61882	1.0622	0.0	0.732	2.7305	2.2964	1.8456	0.82554	0.0	0.0	0.0	1.5576	0.0	2.0554	0.0	1.2699	0.0	0.0	0.0	0.0	0.0	1.777	0.0	1.0721	1.6204	0.0	0.0	0.0	0.0	9.595	0.0	2.8748	0.0	0.0	4.2626	0.0	0.0	8.2066	0.0
Bacteria;Proteobacteria;Alphaproteobacteria;Sphingomonadales;Sphingomonadaceae	0.0	0.0	1.2224	0.0	0.0	0.0	0.0	0.0	0.0	0.0	0.81077	0.0	0.0	0.0	0.0	0.65058	0.0	0.0	0.0	0.0	0.0	1.2035	0.0	0.66523	0.0	0.0	0.70603	0.0	0.0	0.0	1.3108	0.0	0.0	0.0	0.0	2.0201	0.0	0.0	0.0	0.0	0.0	0.0	0.0	0.0	0.0	0.0	0.0	0.0	0.0	0.0	0.0	0.0
Bacteria;Proteobacteria;Deltaproteobacteria;Bradymonadales;uncultured bacterium	1.2717	2.585	8.9782	2.5081	9.682	4.5697	2.2746	8.5358	0.0	0.0	3.5308	1.8243	8.6243	8.8116	8.3718	7.9919	0.0	6.0529	0.0	0.0	1.7297	2.2954	2.4553	1.4633	0.0	8.7565	0.0	0.76619	8.54	8.0424	8.5701	0.0	8.6172	1.542	0.0	0.0	0.0	0.0	9.06	2.5629	0.0	2.1967	0.0	0.0	8.1511	2.182	2.1242	2.1696	2.4028	2.715	0.0	0.0
Bacteria;Proteobacteria;Deltaproteobacteria;Desulfobacterales;Desulfobulbaceae	0.77164	0.0	2.4448	3.347	2.5972	9.9064	3.6457	4.9301	2.1214	2.0019	1.706	0.0	3.07838	4.6639	4.5312	3.26608	0.732	7.9298	1.743	0.0	2.2813	2.28665	4.8296	4.6232	0.0	5.0214	1.533	2.3798	4.3227	1.4098	5.6405	2.0351	4.6956	3.7126	0.0	1.5027	2.7525	1.6204	4.7846	3.49131	2.0175	2.4063	0.0	1.204	6.5221	1.1238	1.0839	5.3778	3.29627	3.0272	0.0	0.0
Bacteria;Proteobacteria;Deltaproteobacteria;Desulfovibrionales;Desulfovibrionaceae	21.11504	22.1631	27.1558	27.74057	25.0578	15.14361	31.02299	23.34366	29.26362	30.76452	27.0025	17.5772	25.48006	21.83412	22.13502	19.79888	28.2595	9.3932	35.02866	26.3418	25.05824	29.2768	32.39252	42.2446	28.09459	19.80688	30.57683	33.89339	20.5402	17.6637	25.21383	31.9077	22.60938	38.33492	29.6319	17.74476	30.5007	32.1715	21.33822	30.8383	23.0624	26.00056	5.8405	23.422	13.852	17.6259	29.1202	12.60206	26.46677	23.77367	8.0978	10.7562
Bacteria;Proteobacteria;Gammaproteobacteria;Aeromonadales;Succinivibrionaceae	85.13482	67.0524	102.40554	95.59455	115.06783	160.89933	78.40201	114.31826	91.54062	51.1645	89.18954	67.8814	84.84942	110.79206	119.17692	123.96634	48.0501	132.5627	48.93096	25.6857	82.04242	84.1611	78.88564	83.08902	49.47286	124.34688	56.57488	86.18745	124.18648	109.85592	125.44756	34.34276	132.83462	86.82554	33.6729	69.66262	47.0291	53.852	115.89421	83.10674	79.4488	80.25112	9.4799	32.5681	137.45481	64.0548	76.7124	105.81016	82.28336	75.32649	23.1228	24.435
Bacteria;Proteobacteria;Gammaproteobacteria;Alteromonadales;Pseudoalteromonadaceae	2.41394	2.0	1.2224	6.7326	1.58142	2.42911	2.2746	0.63148	0.0	0.80844	3.90527	2.3662	1.3333	0.0	1.68894	2.08858	1.2153	1.7026	1.743	1.8456	1.3473	1.4475	3.73694	1.4633	0.0	3.74714	3.22976	0.76619	1.9347	2.3625	2.95166	0.0	2.70828	2.7277	1.1464	2.0201	0.0	2.27508	2.61581	1.53322	1.6005	3.18606	0.0	0.0	3.13767	0.0	5.2337	0.76536	1.4411	1.85609	6.3132	2.8425
Bacteria;Proteobacteria;Gammaproteobacteria;Betaproteobacteriales;Burkholderiaceae	3.18558	8.34	11.8913	30.07507	10.08091	11.8075	30.29343	8.75738	25.85736	11.55594	7.07697	7.0983	0.81548	9.79282	6.7493	9.33288	12.8919	7.6539	6.65358	3.0454	20.63818	22.80115	32.48194	31.24276	6.63186	9.42132	6.36209	26.14148	11.4698	5.88326	9.11218	4.76727	5.69292	31.34158	13.9874	13.81238	5.1882	4.75752	9.94711	33.03342	1.0117	5.62142	0.0	8.5439	0.0	2.182	20.0662	6.39502	6.7261	8.84108	0.0	4.8469
Bacteria;Proteobacteria;Gammaproteobacteria;Betaproteobacteriales;Hydrogenophilaceae	2.3905	0.0	0.73697	2.8131	0.0	0.0	2.7566	0.0	2.6695	1.7022	2.006	0.0	0.0	0.0	1.0622	0.0	0.0	0.0	1.743	1.1998	2.0317	2.635	2.2761	2.8961	0.0	0.0	0.0	3.0014	1.6402	0.0	1.3108	1.35	0.0	2.0658	0.0	0.68818	1.6804	0.75836	0.73851	1.9279	2.8273	1.2831	0.0	0.0	0.0	0.0	1.6958	0.0	2.8081	2.715	0.0	0.0
Bacteria;Proteobacteria;Gammaproteobacteria;Betaproteobacteriales;Neisseriaceae	9.40464	13.5142	8.86107	4.1708	9.18041	10.13671	4.0814	8.5098	2.8169	10.97964	12.30667	8.2665	6.0175	9.6367	7.29144	8.8805	7.6663	9.4317	9.64898	3.4899	5.04924	7.1517	3.0938	3.75823	7.2937	7.52088	11.49583	2.29857	8.633	6.2913	7.5063	7.2158	4.6578	5.721	8.1489	0.68818	5.2309	9.6348	8.5057	2.03121	12.7126	12.9717	0.0	6.3378	21.8179	9.611	2.9484	13.50406	10.45157	12.0042	0.0	0.0
Bacteria;Proteobacteria;Gammaproteobacteria;Enterobacteriales;Enterobacteriaceae	144.58182	135.6239	34.77651	145.93676	15.38706	0.0	108.56284	19.8839	115.37768	42.71714	140.90628	88.6265	18.64938	32.80608	21.67642	24.5357	45.639	1.0891	65.03826	20.4886	112.76446	120.9478	113.0287	142.64339	50.67193	23.92896	55.72584	117.6982	39.35046	21.81924	31.61986	25.20279	28.50468	121.42126	28.6025	71.14782	43.8765	51.29428	18.57594	99.2045	130.6876	112.65202	4.7975	34.1406	2.2079	70.2729	90.3884	0.0	133.91312	136.80562	16.9207	29.6095
Bacteria;Proteobacteria;Gammaproteobacteria;Methylococcales;Methylomonaceae	0.0	0.0	0.0	0.0	0.0	0.0	0.0	0.0	0.0	1.3234	0.0	0.0	0.0	0.0	0.0	0.0	1.5767	0.0	0.0	0.0	0.0	0.0	0.0	0.0	1.5576	0.0	2.2594	0.0	0.0	0.0	0.0	0.0	0.0	0.0	0.0	0.0	0.0	0.0	0.0	0.0	0.0	0.0	0.0	0.0	0.0	0.0	0.0	0.0	0.0	0.0	0.0	0.0
Bacteria;Proteobacteria;Gammaproteobacteria;Oceanospirillales;Halomonadaceae	0.0	0.0	0.73697	0.73967	0.0	0.93351	0.0	0.0	0.0	0.0	0.0	0.0	0.0	0.61882	0.62674	0.65058	0.0	0.0	0.0	0.0	0.0	0.0	0.71424	0.0	0.0	0.0	0.0	0.0	0.0	0.0	0.57878	0.0	0.0	0.0	0.0	0.68818	0.0	0.0	0.0	0.0	0.0	0.0	1.8801	0.0	0.0	0.0	0.0	0.0	0.0	0.0	0.0	0.0
Bacteria;Proteobacteria;Gammaproteobacteria;Oceanospirillales;SS1-B-06-26	2.735	2.8074	0.0	0.0	0.0	0.0	0.0	0.0	0.0	0.0	0.0	0.0	0.0	0.0	0.0	0.0	0.0	0.0	0.0	0.0	0.0	0.0	0.0	0.0	0.0	0.0	0.0	0.0	0.0	0.0	0.0	0.0	0.0	0.0	0.0	0.0	0.0	0.0	0.0	0.0	0.0	0.0	0.0	0.0	0.0	0.0	0.0	0.0	0.0	0.0	0.0	0.0
Bacteria;Proteobacteria;Gammaproteobacteria;Pasteurellales;Pasteurellaceae	15.99848	17.6797	3.05894	46.94201	4.06001	5.31071	51.66679	6.4671	37.36214	15.06618	23.26281	24.1105	0.81548	10.10824	6.47904	3.01446	14.0953	2.1317	11.86412	7.9081	32.32778	36.4176	54.28238	51.84853	24.33862	5.30094	18.84376	39.59688	9.66244	5.36056	6.0641	7.6351	4.78264	54.81238	12.4537	28.80672	12.361	17.48702	6.61343	48.83933	16.2212	25.41214	0.0	12.232	0.0	23.2715	40.8192	4.67428	24.41268	18.04658	5.0876	5.4663
Bacteria;Proteobacteria;Gammaproteobacteria;Pseudomonadales;Moraxellaceae	27.2511	22.2294	11.53661	22.26624	9.40353	14.25192	15.51392	9.4103	20.85552	16.96838	24.71054	16.8198	9.41556	7.57004	9.69088	12.29684	20.2419	15.1936	7.58822	9.0267	20.4148	9.27945	22.6087	11.56462	22.46822	13.28314	21.67156	7.32698	11.89678	11.23998	14.68838	12.82928	11.97638	31.22932	10.2998	10.60862	9.064	13.38232	8.20061	26.57962	22.6506	23.14466	13.3667	8.4061	14.77454	20.1562	18.9973	14.82072	34.80328	7.91267	16.1321	29.8524
Bacteria;Proteobacteria;Gammaproteobacteria;Pseudomonadales;Pseudomonadaceae	39.50808	35.9736	1.95937	4.58504	1.6735	0.0	11.86423	1.9053	19.99836	23.6928	29.29911	26.0198	0.0	1.6519	1.0622	1.95174	34.0033	0.0	1.66776	0.0	2.6946	7.1737	7.0249	14.80733	14.8898	0.0	43.7505	7.18759	1.6402	0.0	0.57878	2.0351	0.0	9.47836	30.6301	5.0793	2.7525	2.37876	2.9419	5.44151	22.3328	30.8576	6.3942	9.9141	3.568	23.9425	2.1678	2.93496	28.6958	24.13359	8.0678	13.2393
Bacteria;Proteobacteria;Gammaproteobacteria;Vibrionales;Vibrionaceae	7.97098	6.0	1.2224	2.21901	1.2986	0.93351	2.92633	2.1384	5.34306	2.6468	10.01844	4.9177	2.52898	2.27072	1.8954	3.18588	4.7033	1.7026	2.50164	0.0	2.55524	2.7664	2.14272	4.34639	3.51666	5.08408	3.76806	3.1912	3.68048	4.38946	4.76987	1.35	2.22132	4.36656	3.4392	2.52856	1.0721	2.76962	3.06351	4.86273	6.2823	5.5255	2.6695	1.204	0.0	6.2771	4.6218	1.2628	5.88777	7.28619	4.2088	4.8733
Bacteria;Spirochaetes;Spirochaetia;Spirochaetales;Spirochaetaceae	34.75978	29.5621	136.35271	66.97104	118.9126	85.14821	46.14432	128.24572	67.45644	90.69838	31.15978	26.5272	108.33772	139.23224	129.2019	132.03554	91.7799	95.4401	110.81576	71.0371	53.92252	65.969	65.51162	78.19625	99.24549	133.9769	106.61439	58.47295	129.93096	106.9485	140.07677	90.67517	118.66088	77.59456	78.5572	72.55076	93.309	105.1337	140.53053	58.45634	34.5567	38.07528	4.6513	68.6142	75.82624	21.8995	51.0869	108.24224	29.84434	38.11007	2.1044	5.2493
Bacteria;Synergistetes;Synergistia;Synergistales;Synergistaceae	38.06818	38.6534	38.88824	44.69755	39.08333	37.71822	28.33189	37.11988	41.4098	32.3822	41.54195	33.5075	32.69866	36.59992	35.13502	33.2961	30.2979	27.5743	40.1152	22.6509	31.59888	35.1296	36.84182	40.74025	25.08445	39.08142	44.76602	34.99055	34.10486	28.34882	48.75326	27.38347	29.00592	43.28352	25.1124	23.98864	27.0793	38.96862	41.20248	34.13231	41.16	38.84988	7.8335	25.4617	43.03528	30.8183	35.9582	34.78146	40.07891	43.61947	11.5135	3.3589
Bacteria;Tenericutes;Mollicutes;Anaeroplasmatales;Anaeroplasmataceae	0.0	0.0	2.663	1.5895	1.6735	0.0	0.0	0.0	0.0	0.0	0.81077	0.0	1.7135	2.6682	0.62674	3.26608	0.0	0.0	0.83388	0.0	0.0	1.4475	0.0	1.1188	0.97953	1.9692	0.0	0.76619	0.0	0.0	2.15138	0.0	0.0	0.0	0.0	0.68818	0.0	1.51672	1.47702	0.76661	0.0	0.0	0.0	0.0	0.92977	0.0	0.0	0.0	0.0	1.1615	0.0	0.0
Bacteria;Tenericutes;Mollicutes;Izimaplasmatales;gut metagenome	7.7262	7.8009	4.4374	8.7627	4.4704	0.0	7.4879	4.0335	7.7514	3.7028	8.4674	6.8814	3.7179	5.3636	4.9506	4.2222	4.4692	2.1317	4.8271	2.2901	7.6455	8.7709	7.338	8.6138	4.7152	3.7895	4.5685	8.0585	4.5597	2.578	3.2313	3.9014	3.4673	8.1626	3.9601	5.7433	4.3033	4.9419	4.0334	7.9244	8.1881	7.8613	0.0	4.057	0.92977	7.6629	7.0809	0.0	8.1056	8.4142	0.0	0.0
Bacteria;Tenericutes;Mollicutes;Izimaplasmatales;unidentified rumen bacterium RFN82	0.0	0.0	5.4485	3.3753	5.0173	0.0	2.7566	5.8471	2.6695	0.80844	0.0	0.0	4.1471	6.0865	5.7634	5.137	1.2153	0.0	0.0	0.0	2.9909	3.2432	0.0	2.1747	0.0	5.386	0.0	1.6333	5.153	4.8664	5.4575	0.0	4.9933	1.1857	0.0	2.7007	0.0	0.0	5.2643	0.0	0.0	0.0	1.8801	0.0	0.0	0.0	2.1242	0.0	0.0	0.69459	0.0	0.0
Bacteria;Tenericutes;Mollicutes;Mollicutes RF39;gut metagenome	0.0	0.0	0.0	2.5081	1.9707	4.3772	2.2746	0.63148	0.0	0.0	0.0	0.0	0.0	0.61882	1.6673	0.0	0.0	3.1525	0.0	0.0	2.2813	2.635	0.0	2.649	0.0	1.9692	0.0	2.7238	2.388	0.0	1.3108	1.35	2.3289	0.0	0.0	0.0	0.0	0.0	0.73851	0.76661	0.0	0.0	0.0	0.0	0.0	0.0	1.0839	1.2628	0.0	0.0	0.0	0.0
Bacteria;Tenericutes;Mollicutes;Mollicutes RF39;uncultured bacterium	5.14894	1.0	21.90384	8.04691	19.28383	18.79843	2.5357	21.17942	2.22018	19.06184	6.09087	3.0074	13.78906	27.77374	20.1852	18.71556	19.7118	21.0005	17.86906	18.181	6.48762	9.3335	5.40392	12.03688	17.51373	20.81288	20.79913	5.29679	15.27268	10.23552	12.90722	18.52809	17.78312	7.15196	13.5846	5.45342	12.6982	20.75466	10.0395	6.33122	7.8711	2.33928	0.0	12.1922	11.67247	5.2855	5.9304	18.5997	4.0607	6.38019	0.0	2.8425
Bacteria;Tenericutes;Mollicutes;Mollicutes RF39;uncultured rumen bacterium	4.4803	2.3219	16.90067	1.47934	9.57563	6.61611	1.5457	15.42758	0.0	17.62662	2.13747	2.3662	11.0929	17.32552	17.6135	17.99206	22.4834	8.981	19.78618	11.3872	2.17284	1.4475	0.0	3.45899	19.02129	15.585	23.08813	3.16568	12.22044	9.0053	17.1238	15.6408	14.4661	0.71136	16.9546	4.77708	19.7025	22.40996	11.35072	0.0	3.0292	3.71846	3.1768	12.1754	9.2479	1.1238	1.6958	25.5539	0.89347	2.49109	0.0	4.2868
Bacteria;Verrucomicrobia;Verrucomicrobiae;Opitutales;Puniceicoccaceae	1.2717	2.0	3.6245	4.8309	2.2171	0.93351	5.23623	3.7677	4.1502	3.7028	1.3267	0.0	0.81548	3.7923	4.8185	3.26608	4.2632	0.0	4.09798	2.904	3.4645	4.53415	4.8673	5.1759	3.7691	3.00804	5.9913	4.37649	2.7324	2.9313	3.5679	3.4685	2.6703	6.0772	3.4207	4.7593	3.7146	4.2981	3.1733	5.76011	2.0234	2.1967	0.0	0.0	2.8748	1.1238	4.6157	1.632	2.73057	0.69459	0.0	0.0
Bacteria;WPS-2;uncultured rumen bacterium;Other;Other	0.0	0.0	0.0	0.0	0.0	0.0	0.0	0.0	0.0	0.0	0.0	0.0	0.0	1.6519	0.62674	0.0	0.0	0.0	0.0	0.0	0.0	0.0	0.0	0.0	0.0	0.0	0.0	0.0	0.0	0.0	0.57878	0.0	0.0	0.0	0.0	0.0	0.0	0.0	0.0	0.0	0.0	0.77976	0.0	0.0	2.4659	0.0	0.0	0.0	0.0	0.0	0.0	0.0