# Constructed from biom file
#OTU ID	5353	6262	6868	5757	8686	9595	8282	5959	7474	8787	4545	8585	6767	6060	7676	5252	4848	9696	5656	6464	6565	5858	5050	8181	8888	9191	4747	6666	9292	8383	5151	6363	8484	4949	7979	7373	7272	5555	7575	8989	6969	4646	7171	8080	9393	7878	9090	9494	7777	5454	7070	6161
Archaea;Euryarchaeota;Methanobacteria;Methanobacteriales	71.13382	62.2105	75.3238	76.8657	70.46943	65.16908	75.93391	57.7999	88.676	66.00852	63.82052	62.3742	51.85476	57.8694	56.04288	60.1969	87.548	51.7779	101.84712	64.3867	70.08264	94.3026	101.19002	111.0955	66.30128	61.34528	93.69223	92.72743	68.77754	47.85316	78.35828	89.87604	52.08032	91.94478	76.3581	34.73642	65.3505	94.1697	74.68527	74.98217	55.0175	58.66956	35.3042	62.2275	63.53771	39.4237	79.6813	97.8611	72.65495	80.9136	16.3865	4.0384
Archaea;Euryarchaeota;Methanomicrobia;Methanomicrobiales	0.0	0.0	0.0	0.0	0.0	0.0	0.0	0.0	0.0	0.0	0.0	0.0	0.0	0.0	0.0	1.0973	0.0	0.0	0.0	0.0	0.0	1.2035	0.0	0.0	0.0	0.0	1.533	0.76619	0.0	0.0	0.0	0.0	0.0	0.0	0.0	0.0	1.0721	0.75836	0.73851	0.0	0.0	0.0	0.0	0.0	0.0	0.0	0.0	0.76536	0.0	0.0	0.0	0.0
Archaea;Euryarchaeota;Thermoplasmata;Methanomassiliicoccales	4.6719	3.585	40.58017	17.42414	36.8851	15.60132	20.22796	36.3876	20.59582	21.55614	5.84527	2.8784	25.2239	34.7058	41.28288	34.45676	22.799	14.7351	27.21698	18.8901	15.31308	23.53895	20.78094	24.83223	22.78206	39.12054	24.08109	19.6191	37.89138	27.4255	38.90508	22.56689	31.29294	24.48706	21.5429	22.3723	20.5653	24.76566	38.46961	17.06841	5.7394	5.6724	0.0	17.5981	2.2079	5.1955	18.2393	10.39956	5.59407	6.7161	0.0	0.0
Bacteria;Actinobacteria;Actinobacteria;Bifidobacteriales	4.42398	8.585	6.60317	16.75927	12.49673	18.88111	14.7298	8.15008	12.169	0.80844	7.02184	3.0074	4.04178	6.5631	5.92848	7.00784	3.1626	6.4748	3.1019	0.0	14.806	17.3536	16.7869	19.6676	0.0	1.9692	0.0	12.70117	6.69078	2.67206	6.11159	2.56029	6.79484	15.92396	2.2928	8.2253	3.2163	3.52798	8.04182	13.14431	3.6239	6.91186	0.0	1.204	13.49917	4.1373	15.4804	1.53072	10.19984	10.2362	11.1117	0.0
Bacteria;Actinobacteria;Actinobacteria;Corynebacteriales	0.0	2.0	3.05887	0.0	3.84371	1.4956	0.0	3.06258	1.2268	6.27548	0.0	0.0	1.3333	2.69392	2.7926	2.59508	8.6411	4.9087	6.25018	3.0454	0.0	0.0	0.0	1.1188	5.24396	4.63162	9.33906	2.03019	0.0	2.97966	1.5726	8.85888	1.2274	0.0	8.0299	0.0	6.2111	6.26426	3.91181	0.0	1.0117	2.4063	0.0	1.851	6.33067	0.0	0.0	16.2503	3.5886	5.12298	8.3867	3.7383
Bacteria;Actinobacteria;Actinobacteria;Micrococcales	4.61634	2.0	4.5603	0.73967	4.68651	3.76612	1.94126	2.2762	1.2268	5.58708	4.9047	3.7878	7.13368	2.28814	4.3539	3.5817	4.256	1.0891	4.91058	7.0893	2.17284	2.407	4.09404	2.2376	0.97953	5.8058	5.6715	2.03019	6.8625	6.2842	4.5997	6.90509	3.25014	3.0133	8.6918	2.9367	4.4329	2.37876	5.26791	3.4365	2.0175	2.97646	18.9622	4.259	3.91077	1.7478	3.8062	9.73868	2.8822	2.958	15.5332	8.6116
Bacteria;Actinobacteria;Actinobacteria;Propionibacteriales	0.0	0.0	1.95937	0.0	2.46421	0.0	0.0	1.70068	0.0	6.7133	0.0	0.0	2.0142	0.0	2.31568	0.0	2.792	1.0891	4.23888	2.3996	0.0	0.0	0.0	0.0	1.95906	1.32548	2.52373	0.0	1.2699	1.4098	1.986	0.0	0.74044	0.0	0.0	0.0	1.0721	5.27906	0.0	0.0	1.0117	0.0	12.7148	0.0	1.8933	2.182	0.0	6.6557	0.0	0.0	14.2888	10.9979
Bacteria;Actinobacteria;Coriobacteriia;Coriobacteriales	55.36854	53.1005	73.2754	70.97262	49.29514	42.47074	47.77462	73.652	52.16136	44.57132	54.82652	22.8292	61.2437	81.82906	68.5759	64.67988	57.7961	63.5627	74.03686	47.8299	42.94908	64.73405	48.07738	67.6468	46.46665	63.95078	57.82339	58.06723	72.00258	46.57706	88.15378	66.52719	47.57042	59.63362	41.9407	31.35034	47.7581	59.86896	72.85348	54.96016	58.5022	59.31218	28.5947	39.0146	73.27965	49.3654	40.7834	64.33492	55.64929	70.01797	23.5801	18.5618
Bacteria;Bacteroidetes;Bacteroidia;Bacteroidales	601.46458	540.585	953.03895	1039.80305	916.87654	1026.0752	859.51016	1009.29452	989.66008	802.58526	769.59379	561.7408	763.44356	1070.00708	1056.01134	991.55072	802.9598	958.6568	867.81162	504.7315	834.34266	927.2373	946.51538	992.55982	802.57231	1035.38072	916.76042	860.62877	963.62534	786.9533	1000.69565	668.23803	932.57068	1031.23574	619.9661	1019.31794	773.153	894.85882	1040.13762	955.6598	724.8391	709.50596	149.3277	504.7267	844.97634	618.0943	814.901	945.9256	766.56145	658.3274	92.4283	90.0483
Bacteria;Bacteroidetes;Bacteroidia;Flavobacteriales	4.93944	6.4594	2.61147	6.72357	2.08931	3.5752	7.46653	3.37718	7.37032	0.80844	9.416	6.6071	1.3333	4.21052	3.8664	6.64858	0.0	2.7305	0.0	0.0	7.79058	6.95765	8.3519	7.7152	1.5576	3.85824	1.41206	6.2207	4.98976	3.69026	4.13738	2.17749	4.2097	8.44766	0.0	6.63598	0.0	2.01126	4.46881	8.15811	5.8922	8.6319	0.0	1.851	2.42027	7.6538	6.7466	0.76536	8.34497	5.6227	2.9261	2.0308
Bacteria;Chloroflexi;Anaerolineae;Anaerolineales	1.9369	2.3219	5.62777	0.73967	7.0017	0.0	0.0	4.3377	0.0	7.14184	3.5809	0.0	4.8637	6.5551	4.8454	4.4271	7.3481	6.1004	9.7917	5.8597	0.0	1.2035	2.4553	0.66523	9.24783	4.7364	8.5675	0.0	6.9554	5.1618	6.76008	8.11209	3.3771	0.0	6.8465	4.4203	6.5315	10.34576	5.2132	1.2646	2.3406	1.2831	6.03	6.4438	3.7729	1.1238	0.0	8.60096	1.4411	1.1615	0.0	3.7383
Bacteria;Chloroflexi;Anaerolineae;SBR1031	0.0	0.0	0.0	0.0	0.0	0.0	0.0	0.0	0.0	0.0	0.0	0.0	0.0	0.0	0.0	0.0	0.732	0.0	0.0	1.1998	0.0	1.2035	0.0	0.0	0.0	0.0	1.178	0.0	0.0	0.0	0.0	1.7328	0.0	0.0	0.0	0.0	0.0	0.0	1.5875	0.0	0.0	0.0	0.0	0.0	0.0	0.0	0.0	2.1696	0.0	0.0	0.0	0.0
Bacteria;Chloroflexi;Chloroflexia;Thermomicrobiales	0.0	0.0	0.0	0.0	0.0	0.93351	0.0	0.0	0.0	0.0	0.0	0.0	0.0	0.61882	0.0	1.74788	2.3087	1.7026	0.83388	0.0	0.0	0.0	0.0	0.0	1.5576	0.0	1.8177	0.0	0.0	0.0	0.0	0.0	0.0	0.0	0.0	0.0	0.0	1.9131	0.0	0.0	0.0	0.0	4.5496	1.204	0.92977	0.0	0.0	4.6478	0.0	0.69459	0.0	0.0
Bacteria;Cyanobacteria;Melainabacteria;Gastranaerophilales	13.08012	11.8704	57.44702	48.57804	54.08652	127.00553	30.37373	56.05382	48.01152	27.31976	9.9392	3.4497	44.48648	56.71042	58.51754	54.98748	18.675	67.8872	35.9503	5.5342	39.51982	53.68635	42.93514	53.26312	15.20069	51.65342	27.42789	47.96386	58.7303	42.80266	65.99262	17.23564	45.20112	53.6963	16.836	84.13392	25.9902	25.04366	59.20487	41.47854	14.1921	17.17376	3.8485	11.8748	39.69609	12.5978	35.846	34.1512	10.85531	13.88037	0.0	2.0308
Bacteria;Cyanobacteria;Oxyphotobacteria;Chloroplast	7.60834	8.3219	3.83387	0.0	0.79071	0.0	0.97063	0.63148	4.9625	2.0019	7.2046	2.3662	3.3475	0.61882	2.02304	0.0	0.0	7.0029	2.19278	1.1998	0.82554	9.98235	4.52228	7.05173	0.0	3.10342	1.41206	5.66568	3.68048	4.02178	5.1608	2.0351	0.0	6.41216	3.9914	0.0	0.0	2.3644	1.5875	3.49131	2.6122	3.6894	0.0	1.204	4.8196	1.7478	1.6958	0.0	6.6755	12.13699	0.0	0.0
Bacteria;Deinococcus-Thermus;Deinococci;Deinococcales	0.0	0.0	0.0	0.0	0.0	0.0	0.0	0.0	0.0	2.2499	0.0	0.0	0.0	0.0	1.0622	0.0	0.0	0.0	0.0	0.0	0.0	0.0	0.0	0.0	0.97953	0.0	1.178	0.0	0.0	0.0	0.0	1.7328	0.0	0.0	0.0	0.0	0.0	1.2529	0.0	0.0	0.0	0.0	0.0	0.0	0.0	0.0	0.0	0.0	0.0	0.0	0.0	0.0
Bacteria;Elusimicrobia;Elusimicrobia;Elusimicrobiales	0.77164	0.0	3.05894	3.4689	2.2171	13.7607	0.0	4.4387	4.50026	1.61688	2.81677	0.0	3.993	5.25962	7.2989	6.76708	1.2153	8.1798	2.19278	0.0	5.78614	7.7547	4.1616	6.31963	0.0	4.9195	2.52373	4.40999	2.70508	5.5737	7.03738	0.0	4.45344	5.0791	2.2144	11.18618	0.0	0.75836	5.87522	4.75591	0.0	1.2831	0.0	0.0	7.6305	1.1238	1.0839	1.53072	1.4411	1.1615	0.0	0.0
Bacteria;Epsilonbacteraeota;Campylobacteria;Campylobacterales	7.94794	6.3219	9.78457	8.14917	6.99442	19.8689	10.044	10.90038	11.86996	17.2296	7.5289	5.0341	6.76678	11.6063	10.5562	7.90288	14.3913	12.2836	9.8323	7.651	7.45224	8.32275	9.7489	12.5624	14.77893	12.26	16.80883	8.5224	10.1104	7.62506	10.98312	8.44749	8.82764	8.8355	13.097	4.1791	6.1628	10.71706	10.72741	8.027	5.9298	9.62282	0.0	8.4022	17.7958	8.4696	7.3262	14.5157	9.86097	9.03959	0.0	0.0
Bacteria;Fibrobacteres;Fibrobacteria;Fibrobacterales	1.2717	3.0	34.04217	15.37337	29.62381	5.9407	32.91633	29.23038	10.8171	40.27974	4.59947	7.6472	27.77518	34.98164	31.2866	31.81858	42.5787	18.1046	41.66628	30.1677	17.68624	22.0513	36.4497	40.38633	39.9208	35.4171	43.6471	27.33139	32.3826	26.59446	34.51739	35.8889	28.98524	37.87232	36.7182	20.29748	35.1578	43.73706	32.34421	32.58561	4.2023	4.6503	12.9683	32.6158	5.18527	6.1612	24.4394	14.8726	7.5446	3.18568	7.192	3.3589
Bacteria;Firmicutes;Bacilli;Bacillales	74.11638	64.3384	0.0	14.80588	2.37213	0.93351	79.02088	4.99972	101.2404	129.62532	108.38747	62.8233	0.0	0.0	0.0	0.65058	189.7298	2.1782	41.68086	3.0454	20.31082	6.02575	54.22788	114.06931	118.05065	3.55588	185.87754	25.56543	0.0	0.0	0.0	9.33348	0.74044	100.79242	114.5514	21.18576	6.1079	10.97874	0.73851	72.7402	65.4099	94.35572	28.5558	57.4163	0.92977	57.6427	23.1744	0.76536	117.59175	63.7266	41.4164	30.8317
Bacteria;Firmicutes;Bacilli;Lactobacillales	184.09306	184.7349	45.0957	82.54408	34.90345	8.62434	67.6533	29.5202	86.78726	103.11356	183.25839	145.5436	25.0555	23.57322	17.82346	22.0896	89.3531	6.1777	138.2515	81.7164	69.29108	108.90885	77.5674	103.91331	93.67788	40.46568	93.37951	97.6853	31.30686	23.08966	37.09679	114.28735	28.9561	87.9701	75.9373	43.0999	105.4069	131.11866	32.20954	60.27528	173.4526	179.5055	65.3526	69.2865	14.60945	118.117	69.5531	8.54602	190.35276	236.86683	75.3787	56.1078
Bacteria;Firmicutes;Clostridia;Clostridiales	1530.22522	1523.9445	1896.82169	1636.20554	1778.40663	1343.5741	1370.07273	1758.38524	1525.98132	1423.56046	1635.50897	1184.5753	1477.2596	1839.7118	1785.1358	1617.49962	1568.8433	1153.1933	1855.591	1042.2644	1323.2751	1738.7868	1545.05534	1921.08723	1413.81669	1640.13714	1675.63149	1600.72516	1578.70904	1292.30074	2026.76765	1501.553	1773.2018	1693.6413	1281.0741	1375.96618	1316.3327	1805.76508	1794.95998	1405.51971	1481.9149	1560.20432	860.6667	1075.8473	1384.15596	1252.6882	1207.1666	1627.27062	1620.57779	1695.42021	900.2354	830.4444
Bacteria;Firmicutes;Erysipelotrichia;Erysipelotrichales	73.55098	72.3046	110.91014	119.10574	114.91563	93.14425	99.54599	110.81678	95.00102	77.70102	76.51241	63.3816	91.17162	115.83726	103.27104	99.28344	76.5952	76.182	101.64474	55.7245	96.31732	127.7331	120.40132	125.38986	68.98235	97.84276	81.09349	120.28798	91.72716	76.76684	107.95346	81.97838	76.84062	112.84142	64.7076	93.52362	77.455	95.11906	96.08144	99.10908	75.0111	73.78042	26.7893	50.6604	97.87912	63.5775	94.5219	83.31962	79.17746	86.44559	35.7625	42.238
Bacteria;Firmicutes;Negativicutes;Selenomonadales	136.05924	132.4057	148.63912	194.47416	150.87918	216.46138	161.83827	162.0466	179.07356	114.70698	139.15565	122.8665	124.12106	165.91248	167.7502	159.86624	98.9571	168.4856	96.50814	56.5324	146.37086	160.61275	184.70312	183.18137	101.40653	159.85536	113.11833	167.16014	156.637	131.57306	170.76809	81.49501	158.28728	191.93036	83.8345	145.18316	105.8306	126.50358	182.1932	169.22237	142.7651	152.37576	86.3171	66.3451	161.01428	125.4405	161.0865	135.22336	139.43488	153.90032	41.4689	32.6815
Bacteria;Fusobacteria;Fusobacteriia;Fusobacteriales	63.10686	57.6305	0.0	42.90275	3.38791	2.8816	30.2193	1.6765	40.421	6.26474	66.47344	48.252	1.63096	2.71982	0.0	0.0	2.8379	0.0	3.2641	3.4899	32.69052	38.84005	39.44342	41.15718	4.11283	2.3453	6.92966	36.80569	1.2699	1.4098	2.37288	5.5473	0.74044	38.28872	1.777	19.17476	6.8194	4.53506	0.0	35.85964	55.3165	70.79468	0.0	1.204	0.92977	69.8202	32.2629	1.53072	70.82554	59.55416	0.0	10.6488
Bacteria;Kiritimatiellaeota;Kiritimatiellae;WCHB1-41	16.53624	5.8074	62.43407	4.54631	64.74781	5.8671	5.2923	62.6443	3.3482	58.97528	8.34101	1.8243	51.23828	60.52954	73.7928	72.73124	58.6654	39.3291	72.92552	46.4782	1.65108	5.996	16.23044	8.20096	53.55879	82.03642	63.35846	5.38678	71.1901	57.55688	83.66811	50.62718	63.52068	11.87628	51.7598	90.21658	59.2493	63.74898	69.47643	12.4247	14.0027	11.93084	5.8463	40.8956	20.98805	13.7584	8.9224	57.96438	7.8247	14.77938	0.0	0.0
Bacteria;Lentisphaerae;Lentisphaeria;Victivallales	15.2184	15.0541	27.4478	14.6433	30.08542	10.35612	8.96996	28.10946	14.1643	25.15894	17.5049	12.8346	22.93706	34.7396	35.18288	31.82468	27.2475	24.0431	27.01276	19.5214	8.91554	13.3234	21.2096	18.1145	22.8675	34.7499	30.269	10.1436	33.25618	19.96636	34.46019	20.09729	26.57628	23.7079	21.3883	27.8554	26.0978	23.04634	32.38763	19.51701	14.8294	24.77832	0.0	21.869	20.74197	15.9819	20.0666	22.0088	15.49927	17.57109	5.6584	4.8469
Bacteria;Lentisphaerae;Oligosphaeria;Oligosphaerales	1.2717	0.0	9.7896	0.0	1.9707	0.0	0.0	10.33448	0.0	1.7022	0.81077	0.0	7.9635	11.6287	6.2718	9.5563	3.5273	4.2416	7.5959	4.2599	0.0	0.0	1.5469	1.1188	6.63	4.42134	3.70173	0.0	10.3381	2.3625	11.807	2.56029	7.6058	0.71136	6.1287	0.68818	6.0455	4.35116	11.4749	1.2646	0.0	0.0	0.0	4.1471	0.0	1.1238	0.0	0.0	0.89347	0.0	0.0	0.0
Bacteria;Patescibacteria;Gracilibacteria;Absconditabacteriales (SR1)	2.3905	0.0	1.2224	0.73967	0.79071	3.4606	0.97063	0.63148	2.1214	0.0	0.0	0.0	0.0	1.3823	1.0622	2.1437	0.0	2.7305	0.0	0.0	1.3473	0.0	1.5469	0.0	0.0	1.459	0.0	0.76619	0.0	2.578	1.5726	0.0	1.2274	2.7519	0.0	2.5583	0.0	0.0	0.0	0.0	1.6005	0.0	0.0	0.0	4.2555	1.7478	0.0	0.0	0.0	2.8448	0.0	0.0
Bacteria;Patescibacteria;Saccharimonadia;Saccharimonadales	10.62258	5.9069	15.68455	13.56835	16.78727	33.02514	7.01756	18.56878	14.47826	16.84222	5.70898	8.0878	14.01354	20.91252	20.79366	18.82094	13.9276	14.4613	22.80978	8.4382	4.5943	14.65435	13.73284	13.03322	13.88969	19.84946	17.73072	13.39924	13.01464	11.62614	15.86811	13.78656	16.01346	11.98388	8.0375	39.93326	22.1919	21.2898	19.10555	6.90303	7.565	9.05142	9.6065	8.3308	26.26477	3.3714	9.9913	33.1891	7.81378	13.08656	29.0784	25.5969
Bacteria;Planctomycetes;Planctomycetacia;Pirellulales	0.77164	0.0	2.1155	0.0	1.9707	0.0	0.0	0.0	0.0	4.6476	0.0	0.0	0.0	0.61882	3.18664	4.436	6.3426	1.0891	2.57688	0.0	0.0	0.0	1.1898	0.0	3.8466	5.3081	5.732	0.0	5.3403	2.28046	4.5421	0.82749	1.48088	0.0	2.5495	2.5583	2.1069	3.12276	0.0	0.0	2.3406	0.0	0.0	0.0	0.0	0.0	0.0	8.71286	0.0	0.0	0.0	0.0
Bacteria;Planctomycetes;Planctomycetacia;Planctomycetales	0.0	0.0	0.0	1.2263	0.0	0.0	0.0	1.6765	0.0	1.3234	0.0	1.8243	0.0	0.0	0.0	1.7133	0.0	2.1317	0.83388	1.8456	0.0	0.0	0.0	0.0	0.0	0.0	2.2594	0.0	2.388	0.0	0.0	0.0	0.0	0.0	0.0	0.0	2.4357	1.9131	0.0	0.0	0.0	0.0	0.0	2.6358	0.0	0.0	0.0	2.3782	0.0	1.1615	0.0	0.0
Bacteria;Proteobacteria;Alphaproteobacteria;Rhizobiales	0.0	0.0	0.0	0.0	0.0	0.0	0.0	0.0	1.2268	0.0	0.0	0.0	0.0	0.0	0.0	0.0	0.0	0.0	0.0	0.0	0.0	1.5629	0.0	0.0	0.0	0.0	0.0	0.0	0.0	0.0	0.0	0.0	0.0	0.0	0.0	0.0	0.0	0.0	0.0	0.0	0.0	0.0	0.0	0.0	0.0	0.0	0.0	0.0	0.0	0.0	0.0	4.6832
Bacteria;Proteobacteria;Alphaproteobacteria;Rhodospirillales	5.44354	6.6438	30.23327	28.08057	29.83261	44.7297	19.32003	30.63304	21.573	15.50614	3.7926	1.1831	23.07278	32.16536	38.77154	32.15508	16.271	36.0079	18.46508	13.7588	20.1323	23.7477	22.21984	24.91233	14.38553	37.2534	20.9539	22.48219	34.34598	27.70686	38.82581	13.7217	31.7694	25.9387	12.1209	25.3287	15.8828	16.5225	27.89212	24.71311	2.3406	5.16652	0.0	11.6782	9.35357	2.8716	21.8875	26.15206	3.22804	2.4139	0.0	0.0
Bacteria;Proteobacteria;Alphaproteobacteria;Rickettsiales	0.0	0.0	0.73697	0.0	0.0	1.8991	0.0	0.63148	0.0	2.8095	0.0	0.0	0.0	0.61882	1.0622	0.0	0.732	2.7305	2.2964	1.8456	0.82554	0.0	0.0	0.0	1.5576	0.0	2.0554	0.0	1.2699	0.0	0.0	0.0	0.0	0.0	1.777	0.0	1.0721	1.6204	0.0	0.0	0.0	0.0	9.595	0.0	2.8748	0.0	0.0	4.2626	0.0	0.0	8.2066	0.0
Bacteria;Proteobacteria;Alphaproteobacteria;Sphingomonadales	0.0	0.0	1.2224	0.0	0.0	0.0	0.0	0.0	0.0	0.0	0.81077	0.0	0.0	0.0	0.0	0.65058	0.0	0.0	0.0	0.0	0.0	1.2035	0.0	0.66523	0.0	0.0	0.70603	0.0	0.0	0.0	1.3108	0.0	0.0	0.0	0.0	2.0201	0.0	0.0	0.0	0.0	0.0	0.0	0.0	0.0	0.0	0.0	0.0	0.0	0.0	0.0	0.0	0.0
Bacteria;Proteobacteria;Deltaproteobacteria;Bradymonadales	1.2717	2.585	8.9782	2.5081	9.682	4.5697	2.2746	8.5358	0.0	0.0	3.5308	1.8243	8.6243	8.8116	8.3718	7.9919	0.0	6.0529	0.0	0.0	1.7297	2.2954	2.4553	1.4633	0.0	8.7565	0.0	0.76619	8.54	8.0424	8.5701	0.0	8.6172	1.542	0.0	0.0	0.0	0.0	9.06	2.5629	0.0	2.1967	0.0	0.0	8.1511	2.182	2.1242	2.1696	2.4028	2.715	0.0	0.0
Bacteria;Proteobacteria;Deltaproteobacteria;Desulfobacterales	0.77164	0.0	2.4448	3.347	2.5972	9.9064	3.6457	4.9301	2.1214	2.0019	1.706	0.0	3.07838	4.6639	4.5312	3.26608	0.732	7.9298	1.743	0.0	2.2813	2.28665	4.8296	4.6232	0.0	5.0214	1.533	2.3798	4.3227	1.4098	5.6405	2.0351	4.6956	3.7126	0.0	1.5027	2.7525	1.6204	4.7846	3.49131	2.0175	2.4063	0.0	1.204	6.5221	1.1238	1.0839	5.3778	3.29627	3.0272	0.0	0.0
Bacteria;Proteobacteria;Deltaproteobacteria;Desulfovibrionales	21.11504	22.1631	27.1558	27.74057	25.0578	15.14361	31.02299	23.34366	29.26362	30.76452	27.0025	17.5772	25.48006	21.83412	22.13502	19.79888	28.2595	9.3932	35.02866	26.3418	25.05824	29.2768	32.39252	42.2446	28.09459	19.80688	30.57683	33.89339	20.5402	17.6637	25.21383	31.9077	22.60938	38.33492	29.6319	17.74476	30.5007	32.1715	21.33822	30.8383	23.0624	26.00056	5.8405	23.422	13.852	17.6259	29.1202	12.60206	26.46677	23.77367	8.0978	10.7562
Bacteria;Proteobacteria;Gammaproteobacteria;Aeromonadales	85.13482	67.0524	102.40554	95.59455	115.06783	160.89933	78.40201	114.31826	91.54062	51.1645	89.18954	67.8814	84.84942	110.79206	119.17692	123.96634	48.0501	132.5627	48.93096	25.6857	82.04242	84.1611	78.88564	83.08902	49.47286	124.34688	56.57488	86.18745	124.18648	109.85592	125.44756	34.34276	132.83462	86.82554	33.6729	69.66262	47.0291	53.852	115.89421	83.10674	79.4488	80.25112	9.4799	32.5681	137.45481	64.0548	76.7124	105.81016	82.28336	75.32649	23.1228	24.435
Bacteria;Proteobacteria;Gammaproteobacteria;Alteromonadales	2.41394	2.0	1.2224	6.7326	1.58142	2.42911	2.2746	0.63148	0.0	0.80844	3.90527	2.3662	1.3333	0.0	1.68894	2.08858	1.2153	1.7026	1.743	1.8456	1.3473	1.4475	3.73694	1.4633	0.0	3.74714	3.22976	0.76619	1.9347	2.3625	2.95166	0.0	2.70828	2.7277	1.1464	2.0201	0.0	2.27508	2.61581	1.53322	1.6005	3.18606	0.0	0.0	3.13767	0.0	5.2337	0.76536	1.4411	1.85609	6.3132	2.8425
Bacteria;Proteobacteria;Gammaproteobacteria;Betaproteobacteriales	14.98072	21.8542	21.48934	37.05897	19.26132	21.94421	37.13143	17.26718	31.34376	24.23778	21.38964	15.3648	6.83298	19.42952	15.10294	18.21338	20.5582	17.0856	18.04556	7.7351	27.71912	32.58785	37.85184	37.89709	13.92556	16.9422	17.85792	31.44145	21.743	12.17456	17.92928	13.33307	10.35072	39.12838	22.1363	15.18874	12.0995	15.15068	19.19132	36.99253	16.5516	19.87622	0.0	14.8817	21.8179	11.793	24.7104	19.89908	19.98577	23.56028	0.0	4.8469
Bacteria;Proteobacteria;Gammaproteobacteria;Enterobacteriales	144.58182	135.6239	34.77651	145.93676	15.38706	0.0	108.56284	19.8839	115.37768	42.71714	140.90628	88.6265	18.64938	32.80608	21.67642	24.5357	45.639	1.0891	65.03826	20.4886	112.76446	120.9478	113.0287	142.64339	50.67193	23.92896	55.72584	117.6982	39.35046	21.81924	31.61986	25.20279	28.50468	121.42126	28.6025	71.14782	43.8765	51.29428	18.57594	99.2045	130.6876	112.65202	4.7975	34.1406	2.2079	70.2729	90.3884	0.0	133.91312	136.80562	16.9207	29.6095
Bacteria;Proteobacteria;Gammaproteobacteria;Methylococcales	0.0	0.0	0.0	0.0	0.0	0.0	0.0	0.0	0.0	1.3234	0.0	0.0	0.0	0.0	0.0	0.0	1.5767	0.0	0.0	0.0	0.0	0.0	0.0	0.0	1.5576	0.0	2.2594	0.0	0.0	0.0	0.0	0.0	0.0	0.0	0.0	0.0	0.0	0.0	0.0	0.0	0.0	0.0	0.0	0.0	0.0	0.0	0.0	0.0	0.0	0.0	0.0	0.0
Bacteria;Proteobacteria;Gammaproteobacteria;Oceanospirillales	2.735	2.8074	0.73697	0.73967	0.0	0.93351	0.0	0.0	0.0	0.0	0.0	0.0	0.0	0.61882	0.62674	0.65058	0.0	0.0	0.0	0.0	0.0	0.0	0.71424	0.0	0.0	0.0	0.0	0.0	0.0	0.0	0.57878	0.0	0.0	0.0	0.0	0.68818	0.0	0.0	0.0	0.0	0.0	0.0	1.8801	0.0	0.0	0.0	0.0	0.0	0.0	0.0	0.0	0.0
Bacteria;Proteobacteria;Gammaproteobacteria;Pasteurellales	15.99848	17.6797	3.05894	46.94201	4.06001	5.31071	51.66679	6.4671	37.36214	15.06618	23.26281	24.1105	0.81548	10.10824	6.47904	3.01446	14.0953	2.1317	11.86412	7.9081	32.32778	36.4176	54.28238	51.84853	24.33862	5.30094	18.84376	39.59688	9.66244	5.36056	6.0641	7.6351	4.78264	54.81238	12.4537	28.80672	12.361	17.48702	6.61343	48.83933	16.2212	25.41214	0.0	12.232	0.0	23.2715	40.8192	4.67428	24.41268	18.04658	5.0876	5.4663
Bacteria;Proteobacteria;Gammaproteobacteria;Pseudomonadales	66.75918	58.203	13.49598	26.85128	11.07703	14.25192	27.37815	11.3156	40.85388	40.66118	54.00965	42.8396	9.41556	9.22194	10.75308	14.24858	54.2452	15.1936	9.25598	9.0267	23.1094	16.45315	29.6336	26.37195	37.35802	13.28314	65.42206	14.51457	13.53698	11.23998	15.26716	14.86438	11.97638	40.70768	40.9299	15.68792	11.8165	15.76108	11.14251	32.02113	44.9834	54.00226	19.7609	18.3202	18.34254	44.0987	21.1651	17.75568	63.49908	32.04626	24.1999	43.0917
Bacteria;Proteobacteria;Gammaproteobacteria;Vibrionales	7.97098	6.0	1.2224	2.21901	1.2986	0.93351	2.92633	2.1384	5.34306	2.6468	10.01844	4.9177	2.52898	2.27072	1.8954	3.18588	4.7033	1.7026	2.50164	0.0	2.55524	2.7664	2.14272	4.34639	3.51666	5.08408	3.76806	3.1912	3.68048	4.38946	4.76987	1.35	2.22132	4.36656	3.4392	2.52856	1.0721	2.76962	3.06351	4.86273	6.2823	5.5255	2.6695	1.204	0.0	6.2771	4.6218	1.2628	5.88777	7.28619	4.2088	4.8733
Bacteria;Spirochaetes;Spirochaetia;Spirochaetales	34.75978	29.5621	136.35271	66.97104	118.9126	85.14821	46.14432	128.24572	67.45644	90.69838	31.15978	26.5272	108.33772	139.23224	129.2019	132.03554	91.7799	95.4401	110.81576	71.0371	53.92252	65.969	65.51162	78.19625	99.24549	133.9769	106.61439	58.47295	129.93096	106.9485	140.07677	90.67517	118.66088	77.59456	78.5572	72.55076	93.309	105.1337	140.53053	58.45634	34.5567	38.07528	4.6513	68.6142	75.82624	21.8995	51.0869	108.24224	29.84434	38.11007	2.1044	5.2493
Bacteria;Synergistetes;Synergistia;Synergistales	38.06818	38.6534	38.88824	44.69755	39.08333	37.71822	28.33189	37.11988	41.4098	32.3822	41.54195	33.5075	32.69866	36.59992	35.13502	33.2961	30.2979	27.5743	40.1152	22.6509	31.59888	35.1296	36.84182	40.74025	25.08445	39.08142	44.76602	34.99055	34.10486	28.34882	48.75326	27.38347	29.00592	43.28352	25.1124	23.98864	27.0793	38.96862	41.20248	34.13231	41.16	38.84988	7.8335	25.4617	43.03528	30.8183	35.9582	34.78146	40.07891	43.61947	11.5135	3.3589
Bacteria;Tenericutes;Mollicutes;Anaeroplasmatales	0.0	0.0	2.663	1.5895	1.6735	0.0	0.0	0.0	0.0	0.0	0.81077	0.0	1.7135	2.6682	0.62674	3.26608	0.0	0.0	0.83388	0.0	0.0	1.4475	0.0	1.1188	0.97953	1.9692	0.0	0.76619	0.0	0.0	2.15138	0.0	0.0	0.0	0.0	0.68818	0.0	1.51672	1.47702	0.76661	0.0	0.0	0.0	0.0	0.92977	0.0	0.0	0.0	0.0	1.1615	0.0	0.0
Bacteria;Tenericutes;Mollicutes;Izimaplasmatales	7.7262	7.8009	9.8859	12.138	9.4877	0.0	10.2445	9.8806	10.4209	4.51124	8.4674	6.8814	7.865	11.4501	10.714	9.3592	5.6845	2.1317	4.8271	2.2901	10.6364	12.0141	7.338	10.7885	4.7152	9.1755	4.5685	9.6918	9.7127	7.4444	8.6888	3.9014	8.4606	9.3483	3.9601	8.444	4.3033	4.9419	9.2977	7.9244	8.1881	7.8613	1.8801	4.057	0.92977	7.6629	9.2051	0.0	8.1056	9.10879	0.0	0.0
Bacteria;Tenericutes;Mollicutes;Mollicutes RF39	9.62924	3.3219	38.80451	12.03435	30.83016	29.79174	6.356	37.23848	2.22018	36.68846	8.22834	5.3736	24.88196	45.71808	39.466	36.70762	42.1952	33.134	37.65524	29.5682	10.94176	13.416	5.40392	18.14487	36.53502	38.36708	43.88726	11.18627	29.88112	19.24082	31.34182	35.51889	34.57812	7.86332	30.5392	10.2305	32.4007	43.16462	22.12873	7.09783	10.9003	6.05774	3.1768	24.3676	20.92037	6.4093	8.7101	45.4164	4.95417	8.87128	0.0	7.1293
Bacteria;Verrucomicrobia;Verrucomicrobiae;Opitutales	1.2717	2.0	3.6245	4.8309	2.2171	0.93351	5.23623	3.7677	4.1502	3.7028	1.3267	0.0	0.81548	3.7923	4.8185	3.26608	4.2632	0.0	4.09798	2.904	3.4645	4.53415	4.8673	5.1759	3.7691	3.00804	5.9913	4.37649	2.7324	2.9313	3.5679	3.4685	2.6703	6.0772	3.4207	4.7593	3.7146	4.2981	3.1733	5.76011	2.0234	2.1967	0.0	0.0	2.8748	1.1238	4.6157	1.632	2.73057	0.69459	0.0	0.0
Bacteria;WPS-2;uncultured rumen bacterium;Other	0.0	0.0	0.0	0.0	0.0	0.0	0.0	0.0	0.0	0.0	0.0	0.0	0.0	1.6519	0.62674	0.0	0.0	0.0	0.0	0.0	0.0	0.0	0.0	0.0	0.0	0.0	0.0	0.0	0.0	0.0	0.57878	0.0	0.0	0.0	0.0	0.0	0.0	0.0	0.0	0.0	0.0	0.77976	0.0	0.0	2.4659	0.0	0.0	0.0	0.0	0.0	0.0	0.0